STATIONS_ID;MESS_DATUM;QN_3;  FX;  FM;QN_4; RSK;RSKF; SDK;SHK_TAG;  NM; VPM;  PM; TMK; UPM; TXK; TNK; TGK;eor
       4104;20231230;   10;   7.2;   2.2;    9;   0.0;   6;    0.700;   0;   7.6;   7.8;  973.30;    6.0;   84.00;    9.6;    1.8;   -1.1;eor
       4104;20231231;   10;   8.9;   2.5;    9;   0.4;   6;    0.300;   0;   7.9;   7.0;  966.50;    3.1;   91.00;    5.1;    0.8;   -1.8;eor
       4104;20240101;   10;  12.5;   3.8;    9;   1.0;   6;    3.200;   0;   7.0;   6.7;  967.90;    4.8;   78.00;    9.2;    3.1;    0.8;eor
       4104;20240102;   10;  14.4;   3.7;    9;  15.9;   6;    0.000;   0;   7.4;   7.9;  961.10;    5.2;   89.00;    8.9;    2.8;    2.1;eor
       4104;20240103;   10;  17.0;   6.0;    9;   1.3;   6;    1.500;   0;   6.3;   8.6;  956.70;    9.0;   75.00;   11.9;    6.9;    4.4;eor
       4104;20240104;   10;  16.9;   5.9;    9;   3.2;   6;    0.000;   0;   7.3;   7.8;  961.80;    6.4;   81.00;    7.7;    2.7;    0.4;eor
       4104;20240105;   10;   6.0;   2.1;    9;   4.0;   6;    0.600;   0;   7.9;   7.0;  962.20;    3.5;   89.00;    5.6;    1.7;   -0.2;eor
       4104;20240106;   10;   5.0;   1.5;    9;   1.0;   6;    0.000;   0;   7.8;   7.3;  963.70;    3.7;   91.00;    5.0;    2.9;    2.0;eor
       4104;20240107;   10;  10.0;   3.0;    9;   0.5;   8;    0.000;   0;   7.7;   5.3;  970.30;    0.1;   83.00;    3.0;   -3.9;   -4.5;eor
       4104;20240108;   10;  11.7;   4.2;    9;   0.0;   7;    0.000;   0;   7.0;   3.2;  979.60;   -3.7;   68.00;   -2.0;   -6.8;   -7.6;eor
       4104;20240109;   10;  10.4;   4.1;    9;   0.0;   0;    6.600;   0;   0.0;   2.4;  983.00;   -5.9;   62.00;   -1.5;   -8.4;   -9.5;eor
       4104;20240110;   10;   5.1;   1.8;    9;   0.0;   0;    6.400;   0;   1.5;   3.0;  982.80;   -4.9;   70.00;   -0.2;   -8.0;   -9.7;eor
       4104;20240111;   10;   4.2;   1.4;    9;   0.0;   0;    6.400;   0;   2.2;   3.4;  983.70;   -4.4;   78.00;    0.4;   -8.7;  -10.2;eor
       4104;20240112;   10;   4.5;   1.4;    9;   0.0;   8;    0.000;   0;   6.0;   3.8;  984.90;   -4.5;   87.00;   -2.4;   -8.3;  -10.5;eor
       4104;20240113;   10;   7.6;   2.8;    9;   0.0;   8;    0.000;   0;   8.0;   4.0;  978.70;   -3.5;   85.00;   -2.6;   -3.9;   -3.7;eor
       4104;20240114;   10;   7.2;   2.4;    9;   0.0;   7;    0.100;   0;   7.8;   4.2;  966.90;   -2.6;   84.00;   -0.4;   -4.6;   -6.9;eor
       4104;20240115;   10;  12.1;   4.8;    9;   1.1;   8;    0.000;   0;   7.9;   4.5;  960.10;   -1.6;   83.00;    0.3;   -4.5;   -6.5;eor
       4104;20240116;   10;   9.8;   2.7;    9;   0.0;   0;    0.200;   2;   7.5;   4.0;  965.90;   -1.9;   75.00;    1.2;   -5.6;  -12.4;eor
       4104;20240117;   10;  12.0;   3.8;    9;   6.7;   8;    0.000;   1;   7.8;   4.7;  953.10;   -2.1;   89.00;    2.1;   -5.5;  -10.7;eor
       4104;20240118;   10;  10.5;   3.4;    9;   1.7;   8;    0.000;   0;   8.0;   6.4;  951.90;    1.6;   92.00;    5.5;   -2.3;   -3.5;eor
       4104;20240119;   10;   7.1;   1.8;    9;   0.0;   8;    1.700;   0;   6.8;   4.2;  975.40;   -1.8;   80.00;    1.5;   -4.5;   -6.5;eor
       4104;20240120;   10;   5.4;   1.7;    9;   0.0;   0;    6.500;   0;   3.5;   3.9;  986.60;   -2.7;   78.00;    1.2;   -6.2;   -9.1;eor
       4104;20240121;   10;   8.4;   2.7;    9;   0.0;   0;    4.100;   0;   5.6;   3.7;  985.90;   -3.6;   80.00;   -0.6;   -7.0;   -9.9;eor
       4104;20240122;   10;  10.5;   4.3;    9;   5.7;   6;    0.000;   0;   7.5;   4.9;  977.60;    0.0;   77.00;    5.4;   -3.5;   -4.7;eor
       4104;20240123;   10;  12.9;   3.4;    9;   1.0;   6;    0.400;   0;   7.3;   7.0;  982.70;    4.6;   82.00;    7.1;    3.3;    1.0;eor
       4104;20240124;   10;  17.7;   5.2;    9;   1.9;   6;    1.600;   0;   7.9;   8.3;  979.60;    8.1;   76.00;   12.5;    3.8;    2.9;eor
       4104;20240125;   10;   9.7;   2.8;    9;   1.8;   6;    0.300;   0;   7.1;   6.7;  983.90;    5.5;   75.00;    8.3;    1.6;   -1.3;eor
       4104;20240126;   10;  15.7;   3.1;    9;   1.7;   6;    0.000;   0;   6.6;   7.8;  982.80;    4.7;   91.00;    9.1;    1.7;    0.2;eor
       4104;20240127;   10;   8.2;   2.0;    9;   0.0;   0;    7.200;   0;   0.7;   5.4;  991.40;    1.9;   79.00;    8.0;   -3.1;   -4.9;eor
       4104;20240128;   10;   7.4;   1.6;    9;   0.0;   0;    7.400;   0;   1.0;   4.6;  990.70;   -0.6;   80.00;    6.3;   -5.4;   -6.5;eor
       4104;20240129;   10;   6.4;   1.6;    9;   0.0;   0;    7.000;   0;   5.6;   4.9;  988.40;    0.3;   79.00;    6.4;   -4.6;   -6.2;eor
       4104;20240130;   10;   5.6;   1.6;    9;   0.0;   6;    6.000;   0;   8.0;   5.3;  988.50;    0.8;   83.00;    5.2;   -4.0;   -5.9;eor
       4104;20240131;   10;   6.2;   2.2;    9;   0.0;   6;    0.000;   0;   8.0;   6.1;  988.70;    2.5;   83.00;    4.0;    1.3;    0.5;eor
       4104;20240201;   10;  10.7;   2.8;    9;   3.2;   6;    0.100;   0;   7.3;   7.8;  984.60;    4.6;   91.00;    8.2;    1.3;   -2.4;eor
       4104;20240202;   10;   9.0;   2.2;    9;   0.1;   6;    0.100;   0;   7.3;   7.0;  986.10;    4.1;   85.00;    7.6;    0.4;   -2.1;eor
       4104;20240203;   10;  10.5;   3.4;    9;   0.7;   6;    0.000;   0;   7.3;   7.8;  983.40;    5.9;   84.00;    7.0;    3.2;   -1.2;eor
       4104;20240204;   10;  15.1;   5.7;    9;   0.0;   6;    0.000;   0;   7.8;   8.7;  980.10;    8.0;   81.00;    9.6;    6.0;    4.8;eor
       4104;20240205;   10;  14.9;   4.7;    9;   0.0;   0;    3.900;   0;   6.9;   8.0;  977.60;    8.5;   72.00;   13.7;    3.5;   -0.6;eor
       4104;20240206;   10;   9.9;   3.8;    9;   0.0;   0;    0.500;   0;   7.9;   7.0;  973.50;    6.0;   75.00;   10.0;    2.3;   -1.9;eor
       4104;20240207;   10;  16.6;   5.8;    9;   6.1;   6;    0.100;   0;   7.9;   7.9;  964.70;    7.2;   77.00;   10.9;    4.9;    2.9;eor
       4104;20240208;   10;  10.4;   3.9;    9;   3.6;   6;    0.200;   0;   7.7;  10.0;  958.50;    8.7;   88.00;   11.2;    6.6;    6.0;eor
       4104;20240209;   10;   7.7;   2.5;    9;   0.9;   6;    1.200;   0;   7.8;  10.2;  951.70;    8.8;   90.00;   12.1;    6.9;    6.1;eor
       4104;20240210;   10;   6.0;   1.8;    9;   0.0;   6;    0.500;   0;   7.9;   9.2;  946.30;    7.9;   87.00;   12.0;    4.8;    3.1;eor
       4104;20240211;   10;  12.0;   3.0;    9;   1.8;   6;    0.000;   0;   7.8;   8.6;  950.30;    6.3;   90.00;    7.7;    4.4;    1.7;eor
       4104;20240212;   10;   8.4;   2.9;    9;   0.0;   6;    0.000;   0;   7.9;   7.9;  961.80;    6.5;   82.00;    8.7;    4.8;    3.1;eor
       4104;20240213;   10;   7.0;   1.8;    9;   0.0;   0;    2.600;   0;   7.7;   6.9;  975.60;    5.3;   79.00;   11.2;   -0.1;   -2.0;eor
       4104;20240214;   10;   7.0;   2.5;    9;   0.1;   6;    0.700;   0;   8.0;   7.1;  978.80;    3.9;   87.00;    7.6;   -0.5;   -2.6;eor
       4104;20240215;   10;   6.1;   2.4;    9;   0.0;   6;    5.600;   0;   8.0;   9.3;  976.80;    8.6;   83.00;   13.3;    4.9;    1.2;eor
       4104;20240216;   10;   5.4;   1.5;    9;   1.5;   6;    2.700;   0;   8.0;   9.0;  974.80;    8.5;   82.00;   13.8;    3.0;    1.1;eor
       4104;20240217;   10;   8.9;   2.1;    9;   0.2;   6;    2.500;   0;   7.5;   9.7;  984.90;   10.3;   78.00;   15.2;    8.0;    6.9;eor
       4104;20240218;   10;   5.9;   1.6;    9;   1.5;   6;    4.600;   0;   7.5;   8.4;  985.80;    9.2;   73.00;   14.0;    6.0;    4.4;eor
       4104;20240219;   10;  13.6;   4.2;    9;   0.2;   6;    0.500;   0;   7.6;   8.5;  981.40;    7.9;   80.00;   10.3;    6.2;    4.5;eor
       4104;20240220;   10;   9.9;   2.9;    9;   0.8;   6;    2.200;   0;   7.6;   7.7;  982.70;    7.1;   77.00;   10.8;    4.9;    2.4;eor
       4104;20240221;   10;   7.6;   2.4;    9;   2.1;   6;    5.600;   0;   7.8;   7.1;  976.50;    7.9;   68.00;   12.9;    4.7;    3.2;eor
       4104;20240222;   10;  15.5;   3.8;    9;  17.0;   6;    0.000;   0;   7.5;   9.7;  958.00;    8.7;   85.00;   11.1;    6.7;    5.8;eor
       4104;20240223;   10;  16.2;   2.5;    9;   0.0;   0;    0.000;   0;   7.9;   7.2;  956.40;    5.3;   80.00;    8.9;    2.5;    1.0;eor
       4104;20240224;   10;   8.7;   2.7;    9;   0.0;   0;    5.000;   0;   7.7;   6.6;  961.70;    3.9;   83.00;    8.9;    1.5;    0.3;eor
       4104;20240225;   10;   7.2;   1.8;    9;   0.0;   0;    5.100;   0;   4.8;   6.9;  962.70;    4.3;   83.00;   10.2;    0.6;   -1.9;eor
       4104;20240226;   10;   7.2;   2.2;    9;   0.0;   0;    5.000;   0;   7.7;   6.2;  959.40;    4.1;   77.00;   12.0;   -1.6;   -3.0;eor
       4104;20240227;   10;   8.2;   2.6;    9;   0.0;   0;    0.300;   0;   8.0;   7.4;  967.30;    6.3;   78.00;   10.7;    2.5;    0.8;eor
       4104;20240228;   10;   6.6;   1.6;    9;   0.0;   0;    0.000;   0;   8.0;   7.2;  975.90;    5.4;   80.00;    7.2;    3.7;    1.3;eor
       4104;20240229;   10;   4.9;   1.3;    9;   0.0;   0;    1.100;   0;   5.9;   7.2;  971.30;    5.5;   80.00;    9.0;    0.8;   -1.3;eor
       4104;20240301;   10;   4.9;   1.5;    9;   1.7;   6;    0.000;   0;   7.4;   7.2;  964.00;    3.8;   90.00;    7.7;   -0.4;   -1.8;eor
       4104;20240302;   10;   5.8;   2.2;    9;   0.0;   6;    3.100;   0;   5.8;   8.6;  962.80;    6.7;   88.00;   11.4;    3.3;    0.9;eor
       4104;20240303;   10;   7.3;   2.4;    9;   0.0;   0;    7.300;   0;   6.2;   7.8;  958.50;    7.5;   78.00;   15.9;    1.2;   -0.6;eor
       4104;20240304;   10;   6.9;   2.1;    9;   0.4;   6;    2.100;   0;   6.7;   8.0;  964.70;    6.6;   83.00;   13.3;    2.0;    0.3;eor
       4104;20240305;   10;   5.6;   1.4;    9;   1.3;   6;    0.200;   0;   8.0;   8.9;  970.30;    7.8;   84.00;   13.1;    6.5;    5.6;eor
       4104;20240306;   10;   9.1;   2.7;    9;   0.0;   0;    4.900;   0;   6.7;   7.6;  975.00;    7.5;   75.00;   12.9;    3.2;    1.3;eor
       4104;20240307;   10;   7.8;   2.7;    9;   0.0;   6;    0.400;   0;   5.2;   5.7;  976.70;    2.9;   76.00;    8.0;   -0.8;   -2.8;eor
       4104;20240308;   10;   9.8;   2.6;    9;   0.0;   0;    9.700;   0;   0.0;   5.4;  969.90;    3.5;   71.00;   11.2;   -2.1;   -4.3;eor
       4104;20240309;   10;   6.7;   2.2;    9;   0.0;   0;    9.200;   0;   5.0;   6.3;  961.10;    6.3;   68.00;   15.1;   -1.6;   -3.7;eor
       4104;20240310;   10;   9.2;   2.7;    9;   0.0;   0;    2.000;   0;   7.9;   7.7;  953.90;    8.1;   72.00;   12.6;    2.9;    0.6;eor
       4104;20240311;   10;   9.0;   2.1;    9;   0.0;   0;    7.100;   0;   7.0;   7.5;  962.70;    8.4;   70.00;   14.6;    2.8;   -0.7;eor
       4104;20240312;   10;   9.1;   2.3;    9;   0.0;   6;    2.400;   0;   7.9;   7.5;  971.80;    7.1;   75.00;   12.3;    1.8;   -0.1;eor
       4104;20240313;   10;   6.2;   1.6;    9;   1.2;   6;    0.000;   0;   7.9;   8.0;  974.40;    7.6;   77.00;    9.9;    5.6;    4.2;eor
       4104;20240314;   10;   5.3;   1.8;    9;   0.0;   0;    2.700;   0;   8.0;   9.7;  972.70;    8.7;   87.00;   14.1;    5.8;    2.0;eor
       4104;20240315;   10;  17.5;   2.5;    9;   8.4;   6;    5.100;   0;   7.7;  10.1;  970.70;   10.0;   84.00;   20.3;    5.3;    1.9;eor
       4104;20240316;   10;  12.5;   3.9;    9;   0.3;   6;    1.900;   0;   7.1;  10.0;  974.80;    9.7;   83.00;   15.6;    4.6;    1.2;eor
       4104;20240317;   10;   4.3;   1.1;    9;   0.0;   0;    3.800;   0;   7.4;   7.4;  978.80;    7.3;   74.00;   13.1;    1.9;   -0.5;eor
       4104;20240318;   10;   5.9;   1.7;    9;   0.5;   6;    2.900;   0;   8.0;   8.2;  973.10;    8.2;   77.00;   15.1;    3.4;    1.6;eor
       4104;20240319;   10;   4.8;   1.1;    9;   0.0;   0;    4.300;   0;   6.5;   8.1;  976.10;    9.2;   71.00;   15.8;    3.6;    1.7;eor
       4104;20240320;   10;   5.7;   1.6;    9;   0.0;   0;    9.300;   0;   7.4;   7.7;  977.20;    8.6;   72.00;   16.7;    1.7;   -0.2;eor
       4104;20240321;   10;  15.6;   1.5;    9;   2.5;   6;    2.700;   0;   7.5;   9.0;  977.60;    8.0;   84.00;   18.6;    2.6;    0.9;eor
       4104;20240322;   10;   6.5;   2.0;    9;   0.2;   6;    1.100;   0;   8.0;   9.2;  975.20;    8.5;   83.00;   17.0;    1.8;   -0.1;eor
       4104;20240323;   10;  15.6;   4.0;    9;   1.5;   6;    1.600;   0;   6.4;   8.0;  966.10;    7.7;   75.00;   12.6;    2.9;    1.2;eor
       4104;20240324;   10;  14.8;   4.5;    9;   2.9;   6;    2.300;   0;   7.1;   6.6;  964.20;    4.3;   80.00;    9.1;    1.9;    0.8;eor
       4104;20240325;   10;   8.7;   2.7;    9;   0.0;   0;    5.900;   0;   5.8;   6.1;  963.20;    6.3;   66.00;   12.9;   -0.1;   -2.4;eor
       4104;20240326;   10;   7.4;   2.4;    9;   0.0;   0;    7.400;   0;   6.4;   6.0;  953.00;    6.4;   65.00;   15.0;   -1.6;   -3.3;eor
       4104;20240327;   10;  13.0;   3.1;    9;   5.7;   6;    3.900;   0;   7.8;   8.4;  944.80;   11.4;   63.00;   21.0;    4.2;    2.1;eor
       4104;20240328;   10;  11.0;   3.3;    9;   0.4;   6;    2.400;   0;   5.6;   7.6;  952.70;    6.3;   80.00;   10.3;    3.1;    1.0;eor
       4104;20240329;   10;  11.1;   3.4;    9;   0.0;   0;    5.800;   0;   7.5;   8.2;  958.90;   10.7;   64.00;   18.9;    3.5;    1.8;eor
       4104;20240330;   10;  10.9;   3.3;    9;   0.0;   0;    7.900;   0;   5.8;   7.5;  957.00;   17.1;   40.00;   24.5;   11.4;    6.9;eor
       4104;20240331;   10;   9.0;   2.0;    9;   0.0;   6;    4.200;   0;   7.5;   9.2;  955.80;   13.4;   60.00;   18.3;    8.2;    5.2;eor
       4104;20240401;   10;  17.3;   4.5;    9;   1.1;   6;    0.200;   0;   7.9;   8.4;  956.10;   11.8;   61.00;   15.3;    7.0;    5.2;eor
       4104;20240402;   10;  14.5;   4.3;    9;   0.8;   6;    4.700;   0;   5.2;   8.1;  967.40;    9.6;   68.00;   16.6;    5.7;    1.9;eor
       4104;20240403;   10;  14.6;   2.9;    9;   3.0;   6;    0.100;   0;   7.5;   8.4;  968.20;    8.9;   74.00;   14.0;    4.5;    2.5;eor
       4104;20240404;   10;  12.3;   2.8;    9;   5.7;   6;    1.400;   0;   7.1;  11.1;  971.10;   11.2;   84.00;   16.7;    8.6;    6.5;eor
       4104;20240405;   10;  14.6;   2.8;    9;   0.0;   6;    6.300;   0;   7.8;  11.4;  973.40;   14.8;   71.00;   24.7;    8.8;    7.5;eor
       4104;20240406;   10;   8.8;   2.1;    9;   0.0;   0;   10.900;   0;   6.9;  11.2;  974.40;   18.7;   56.00;   27.9;   11.6;    9.5;eor
       4104;20240407;   10;   5.6;   1.8;    9;   0.0;   0;    8.200;   0;   7.3;  11.0;  974.30;   17.9;   57.00;   27.3;   10.2;    7.0;eor
       4104;20240408;   10;   7.4;   1.8;    9;   0.0;   0;    8.500;   0;   3.6;  12.1;  968.70;   18.7;   58.00;   26.3;   12.6;    9.8;eor
       4104;20240409;   10;  13.1;   3.3;    9;   4.0;   6;    2.400;   0;   6.1;  10.6;  969.90;   13.8;   68.00;   22.2;    6.3;    6.0;eor
       4104;20240410;   10;   6.1;   1.7;    9;   0.0;   0;    2.900;   0;   6.3;   8.6;  984.40;    8.7;   78.00;   15.0;    3.5;    2.2;eor
       4104;20240411;   10;   4.2;   1.3;    9;   0.0;   0;   11.500;   0;   1.2;   8.3;  989.00;   10.1;   71.00;   18.9;    1.8;    0.6;eor
       4104;20240412;   10;   5.0;   1.2;    9;   0.0;   0;   11.700;   0;   6.0;   9.3;  988.00;   12.6;   67.00;   22.5;    3.6;    2.0;eor
       4104;20240413;   10;   6.2;   1.5;    9;   0.0;   0;    8.000;   0;   7.1;  11.0;  983.60;   15.0;   67.00;   24.1;    5.7;    3.9;eor
       4104;20240414;   10;  11.5;   2.3;    9;   0.1;   6;   10.100;   0;   7.4;  12.2;  976.40;   16.8;   67.00;   25.2;    9.5;    7.3;eor
       4104;20240415;   10;  15.5;   2.6;    9;   5.9;   6;    1.300;   0;   7.7;  11.8;  966.00;   12.7;   80.00;   17.2;    5.2;    4.9;eor
       4104;20240416;   10;  15.3;   4.9;    9;   5.6;   6;    2.200;   0;   7.5;   7.2;  962.90;    6.2;   77.00;   11.5;    2.9;    2.8;eor
       4104;20240417;   10;   9.1;   1.8;    9;   5.5;   6;    0.800;   0;   7.8;   7.8;  964.50;    5.2;   88.00;   10.0;    2.2;    0.6;eor
       4104;20240418;   10;   9.3;   1.7;    9;   0.6;   6;    3.500;   0;   7.4;   7.4;  970.80;    5.5;   83.00;   11.5;    2.7;    0.1;eor
       4104;20240419;   10;  14.5;   4.2;    9;   7.5;   6;    0.300;   0;   7.7;   7.4;  968.00;    4.8;   87.00;    8.8;    3.0;    1.3;eor
       4104;20240420;   10;  12.9;   3.1;    9;   1.9;   6;    2.200;   0;   7.8;   7.2;  971.10;    4.6;   85.00;    9.5;    2.7;    1.3;eor
       4104;20240421;   10;   8.6;   2.2;    9;   9.6;   8;    0.300;   0;   7.8;   6.8;  973.70;    3.5;   87.00;    6.9;    1.3;    0.4;eor
       4104;20240422;   10;   8.3;   2.8;    9;   0.0;   0;    7.800;   0;   5.9;   5.2;  975.70;    4.9;   62.00;   10.1;   -0.5;   -1.9;eor
       4104;20240423;   10;   9.1;   2.4;    9;   0.1;   8;    0.000;   0;   7.8;   5.7;  971.70;    3.6;   71.00;    6.7;    0.3;   -1.1;eor
       4104;20240424;   10;   9.8;   2.5;    9;   0.0;   6;    3.700;   0;   6.5;   6.1;  965.20;    5.2;   71.00;   10.6;    1.0;   -1.4;eor
       4104;20240425;   10;   9.5;   2.2;    9;   1.5;   6;    2.800;   0;   7.2;   6.5;  964.50;    4.5;   79.00;   10.9;    0.3;   -2.0;eor
       4104;20240426;   10;   8.0;   2.2;    9;   0.0;   6;    6.300;   0;   6.5;   7.2;  964.60;    9.5;   63.00;   17.4;    3.1;    1.5;eor
       4104;20240427;   10;   9.2;   2.2;    9;   0.0;   0;   12.600;   0;   1.5;   7.1;  966.80;   12.6;   55.00;   21.5;    3.2;    0.1;eor
       4104;20240428;   10;   7.5;   2.1;    9;   0.0;   0;    6.800;   0;   7.6;   9.2;  970.10;   14.9;   57.00;   23.2;    4.5;    2.0;eor
       4104;20240429;   10;   6.4;   1.7;    9;   0.0;   0;   11.700;   0;   5.3;  10.4;  976.20;   16.0;   61.00;   24.9;    7.3;    4.5;eor
       4104;20240430;   10;   8.9;   2.6;    9;   0.0;   0;   11.700;   0;   2.8;  10.7;  972.00;   19.6;   51.00;   27.6;    9.5;    6.7;eor
       4104;20240501;   10;  12.5;   3.1;    9;   0.0;   0;   12.200;   0;   5.0;  10.4;  963.90;   19.5;   47.00;   25.6;   12.3;    8.1;eor
       4104;20240502;   10;  13.1;   3.5;    9;   0.0;   6;    8.700;   0;   6.3;  11.1;  958.20;   18.5;   54.00;   26.1;   12.3;   10.0;eor
       4104;20240503;   10;   9.7;   2.3;    9;   0.3;   6;    0.000;   0;   8.0;  10.7;  969.30;   12.1;   76.00;   14.5;   10.1;    9.6;eor
       4104;20240504;   10;   6.1;   1.3;    9;   0.0;   0;    7.900;   0;   7.0;  10.6;  971.90;   13.8;   70.00;   19.5;    9.2;    8.0;eor
       4104;20240505;   10;  13.7;   1.5;    9;  11.1;   6;    2.000;   0;   7.6;  12.6;  968.40;   13.2;   84.00;   19.3;    8.2;    6.2;eor
       4104;20240506;   10;  12.6;   1.7;    9;   6.1;   6;    3.600;   0;   7.9;  13.4;  966.00;   14.5;   83.00;   22.5;    9.4;    9.5;eor
       4104;20240507;   10;   8.1;   2.4;    9;   0.0;   6;    2.500;   0;   7.7;  12.3;  971.30;   13.1;   82.00;   19.1;   10.1;    8.9;eor
       4104;20240508;   10;   6.5;   2.0;    9;   1.3;   6;    0.000;   0;   7.9;  11.6;  978.50;   11.4;   86.00;   14.6;    9.8;    9.8;eor
       4104;20240509;   10;   5.6;   1.5;    9;   0.0;   0;   10.300;   0;   3.3;   9.6;  980.80;   13.8;   64.00;   21.9;    7.2;    5.4;eor
       4104;20240510;   10;   5.7;   1.6;    9;   0.0;   0;   10.000;   0;   5.1;   9.4;  978.70;   13.6;   64.00;   23.3;    5.3;    4.0;eor
       4104;20240511;   10;   6.5;   1.7;    9;   0.0;   0;   10.900;   0;   6.2;   9.7;  977.40;   14.8;   62.00;   23.5;    5.6;    4.4;eor
       4104;20240512;   10;   6.4;   1.8;    9;   0.0;   0;   11.900;   0;   1.6;  10.7;  974.60;   16.2;   62.00;   24.5;    6.9;    5.5;eor
       4104;20240513;   10;   6.4;   1.7;    9;   0.0;   0;   12.900;   0;   1.0;  11.1;  970.70;   17.3;   61.00;   25.9;    8.6;    6.8;eor
       4104;20240514;   10;   9.6;   2.7;    9;   0.0;   0;   13.200;   0;   0.0;  10.5;  966.20;   17.8;   55.00;   25.2;    8.7;    7.1;eor
       4104;20240515;   10;  10.9;   3.1;    9;   0.0;   0;   11.300;   0;   5.9;   9.3;  963.60;   19.3;   43.00;   25.2;   11.7;    7.7;eor
       4104;20240516;   10;  11.4;   3.3;    9;  12.2;   6;    7.300;   0;   7.6;  11.4;  962.30;   18.8;   53.00;   24.5;   13.9;   11.8;eor
       4104;20240517;   10;  10.9;   2.6;    9;   7.2;   6;    0.000;   0;   7.8;  12.1;  964.00;   12.4;   84.00;   16.1;   11.0;   10.6;eor
       4104;20240518;   10;   9.5;   2.3;    9;   5.5;   6;    5.100;   0;   6.2;  12.9;  968.00;   13.9;   82.00;   21.2;   10.8;    9.5;eor
       4104;20240519;   10;  10.2;   1.9;    9;   0.8;   6;    8.300;   0;   4.8;  12.9;  968.50;   15.4;   76.00;   23.1;   10.3;    8.7;eor
       4104;20240520;   10;   5.9;   1.3;    9;   0.0;   0;   11.700;   0;   4.8;  12.1;  967.50;   16.6;   68.00;   25.0;    7.9;    6.9;eor
       4104;20240521;   10;   9.7;   2.6;    9;  49.9;   6;    1.000;   0;   7.9;  15.0;  963.00;   16.0;   84.00;   23.0;   12.1;   10.4;eor
       4104;20240522;   10;   9.1;   2.4;    9;   1.2;   6;    3.400;   0;   7.2;  14.2;  968.00;   15.3;   82.00;   20.2;   12.1;   10.8;eor
       4104;20240523;   10;  13.6;   1.6;    9;   9.9;   6;   10.200;   0;   5.5;  12.4;  972.20;   16.3;   71.00;   24.2;   10.0;    8.6;eor
       4104;20240524;   10;   9.0;   1.4;    9;   0.1;   6;    4.000;   0;   6.3;  12.9;  974.00;   14.9;   78.00;   20.1;   11.5;   10.3;eor
       4104;20240525;   10;   8.8;   1.5;    9;   0.5;   6;    4.700;   0;   6.1;  13.3;  974.60;   15.0;   79.00;   20.7;   10.5;    9.2;eor
       4104;20240526;   10;   7.0;   1.8;    9;   0.0;   0;    7.300;   0;   6.7;  13.6;  975.30;   16.7;   74.00;   23.4;    9.7;    8.3;eor
       4104;20240527;   10;   5.0;   1.1;    9;   9.8;   6;    5.100;   0;   7.3;  14.8;  974.20;   17.9;   74.00;   24.3;   13.3;   11.3;eor
       4104;20240528;   10;   8.7;   1.6;    9;   0.3;   6;    2.800;   0;   7.0;  12.8;  975.50;   14.8;   77.00;   20.6;    9.0;    8.0;eor
       4104;20240529;   10;   7.1;   2.2;    9;   3.3;   6;    4.700;   0;   7.9;  12.2;  971.50;   15.6;   71.00;   22.3;    8.5;    7.3;eor
       4104;20240530;   10;   7.3;   2.3;    9;   3.6;   6;    2.900;   0;   7.5;  14.6;  963.40;   15.8;   82.00;   21.8;   13.1;   11.8;eor
       4104;20240531;   10;   8.3;   2.0;    9;  52.5;   6;    0.000;   0;   7.9;  14.8;  963.60;   14.2;   91.00;   17.1;   12.9;   12.2;eor
       4104;20240601;   10;   7.1;   1.9;    9;  31.2;   6;    0.100;   0;   7.7;  15.5;  966.70;   14.2;   95.00;   18.7;   11.5;   11.7;eor
       4104;20240602;   10;   6.6;   1.6;    9;  13.3;   6;    1.600;   0;   7.8;  16.5;  973.20;   15.8;   92.00;   20.9;   13.5;   12.8;eor
       4104;20240603;   10;   7.2;   2.1;    9;   0.0;   6;    0.000;   0;   7.9;  15.0;  973.00;   15.4;   86.00;   18.9;   13.2;   12.8;eor
       4104;20240604;   10;   5.2;   1.1;    9;   0.0;   0;    6.900;   0;   4.9;  13.3;  971.50;   16.9;   71.00;   23.0;   13.1;   11.0;eor
       4104;20240605;   10;   7.7;   1.8;    9;   0.1;   6;    4.400;   0;   5.8;  14.7;  970.90;   16.9;   78.00;   23.7;   11.8;    9.8;eor
       4104;20240606;   10;  12.9;   1.9;    9;   0.4;   6;   10.400;   0;   5.2;  16.0;  973.10;   19.1;   75.00;   26.1;   12.6;   10.7;eor
       4104;20240607;   10;   6.7;   1.4;    9;   0.0;   0;   10.200;   0;   3.8;  14.4;  974.10;   19.4;   67.00;   26.0;   14.1;   13.3;eor
       4104;20240608;   10;  12.5;   2.2;    9;   2.0;   6;    8.700;   0;   4.3;  15.3;  969.60;   18.9;   72.00;   27.0;   11.3;   10.6;eor
       4104;20240609;   10;   5.6;   1.3;    9;   2.8;   6;    2.600;   0;   7.5;  16.8;  965.10;   19.2;   77.00;   23.8;   15.2;   13.9;eor
       4104;20240610;   10;   8.9;   1.8;    9;   0.1;   6;    5.300;   0;   6.7;  13.5;  963.90;   17.7;   69.00;   24.1;   13.8;   13.3;eor
       4104;20240611;   10;   7.5;   1.8;    9;   0.0;   0;    0.500;   0;   7.9;   9.8;  971.40;   12.9;   66.00;   15.5;   10.6;   10.0;eor
       4104;20240612;   10;   9.3;   1.6;    9;   6.1;   6;    4.800;   0;   7.2;  11.0;  974.20;   13.4;   72.00;   18.1;   10.2;    9.5;eor
       4104;20240613;   10;   7.2;   1.3;    9;   4.0;   6;    6.300;   0;   6.2;  10.9;  973.90;   13.8;   71.00;   20.4;    9.0;    7.5;eor
       4104;20240614;   10;   7.2;   2.3;    9;   0.4;   6;    1.500;   0;   7.6;  12.4;  970.80;   14.3;   76.00;   19.4;    9.0;    7.9;eor
       4104;20240615;   10;   7.8;   2.0;    9;   0.5;   6;    2.900;   0;   7.8;  13.6;  967.00;   17.0;   71.00;   22.5;   13.4;   11.8;eor
       4104;20240616;   10;   6.6;   1.9;    9;   0.0;   6;    7.400;   0;   6.2;  13.6;  968.90;   18.4;   67.00;   24.1;   13.1;   11.8;eor
       4104;20240617;   10;   9.0;   2.0;    9;   0.2;   6;    4.900;   0;   7.1;  15.6;  971.90;   19.6;   69.00;   26.7;   14.8;   12.8;eor
       4104;20240618;   10;   6.6;   2.0;    9;   0.0;   0;   11.800;   0;   6.4;  17.9;  971.80;   21.9;   70.00;   29.7;   14.0;   12.4;eor
       4104;20240619;   10;   9.1;   2.0;    9;   0.0;   0;   13.700;   0;   2.0;  18.0;  971.70;   23.2;   66.00;   31.2;   15.6;   14.9;eor
       4104;20240620;   10;   6.4;   1.9;    9;   0.0;   6;    4.300;   0;   6.9;  17.9;  975.80;   20.4;   75.00;   25.5;   14.6;   14.3;eor
       4104;20240621;   10;  10.9;   2.0;    9;  12.4;   6;    1.400;   0;   7.6;  18.5;  972.10;   19.3;   84.00;   26.4;   14.9;   14.9;eor
       4104;20240622;   10;   8.8;   2.3;    9;   0.0;   0;   11.100;   0;   5.4;  14.0;  971.80;   18.6;   68.00;   24.7;   13.7;   13.5;eor
       4104;20240623;   10;   5.5;   1.2;    9;   0.0;   6;    4.600;   0;   7.2;  16.1;  974.60;   19.3;   72.00;   25.5;   15.0;   14.6;eor
       4104;20240624;   10;   7.5;   2.1;    9;   0.0;   0;   12.600;   0;   2.7;  15.0;  975.00;   21.3;   61.00;   27.3;   15.8;   13.5;eor
       4104;20240625;   10;  10.0;   2.7;    9;   0.0;   0;   13.900;   0;   0.0;  15.5;  970.70;   21.8;   61.00;   28.7;   13.0;   11.4;eor
       4104;20240626;   10;   9.2;   2.3;    9;   0.0;   0;   11.200;   0;   6.3;  17.8;  967.50;   22.3;   68.00;   29.2;   16.7;   14.7;eor
       4104;20240627;   10;   8.2;   2.0;    9;   5.8;   6;    5.800;   0;   5.3;  19.2;  968.70;   20.6;   80.00;   28.1;   16.6;   15.4;eor
       4104;20240628;   10;  11.6;   2.0;    9;   0.2;   6;    9.200;   0;   4.0;  21.1;  972.90;   22.6;   79.00;   30.1;   16.8;   16.2;eor
       4104;20240629;   10;   8.6;   2.0;    9;   0.0;   6;   10.600;   0;   4.3;  21.5;  970.40;   25.6;   68.00;   32.7;   17.6;   17.2;eor
       4104;20240630;   10;   9.9;   2.5;    9;   9.3;   6;    1.300;   0;   7.6;  19.2;  966.80;   21.5;   76.00;   26.0;   15.7;   15.8;eor
       4104;20240701;   10;   9.9;   2.2;    9;   0.4;   6;    3.900;   0;   7.3;  15.5;  971.30;   17.3;   81.00;   23.7;   12.2;   11.0;eor
       4104;20240702;   10;   8.3;   2.1;    9;   1.3;   6;    0.900;   0;   7.1;  12.5;  971.50;   15.4;   72.00;   21.7;   10.5;    9.2;eor
       4104;20240703;   10;   7.6;   1.7;    9;   3.0;   6;    0.600;   0;   7.7;  14.1;  967.80;   14.4;   86.00;   20.2;   11.3;   11.2;eor
       4104;20240704;   10;   9.0;   2.3;    9;   2.7;   6;    1.000;   0;   7.2;  14.2;  968.70;   15.1;   83.00;   21.7;   10.8;   10.4;eor
       4104;20240705;   10;   9.8;   2.3;    9;   0.0;   0;    8.800;   0;   6.3;  14.5;  970.80;   18.4;   71.00;   24.8;   12.3;   10.4;eor
       4104;20240706;   10;  13.4;   2.0;    9;  20.3;   6;    9.200;   0;   5.7;  17.4;  966.00;   19.6;   79.00;   31.7;   12.2;   10.8;eor
       4104;20240707;   10;   7.9;   1.2;    9;   0.0;   6;    2.300;   0;   7.3;  14.7;  972.50;   16.3;   80.00;   20.8;   12.0;   11.2;eor
       4104;20240708;   10;   5.7;   1.3;    9;   0.0;   0;    9.500;   0;   5.0;  15.3;  975.40;   18.8;   73.00;   25.2;   11.6;   11.4;eor
       4104;20240709;   10;   6.3;   1.5;    9;   0.0;   0;   13.500;   0;   3.3;  18.7;  974.00;   23.5;   68.00;   31.5;   13.9;   13.0;eor
       4104;20240710;   10;   8.5;   1.5;    9;   0.0;   6;    7.400;   0;   7.0;  21.4;  973.50;   24.2;   73.00;   31.0;   20.0;   18.8;eor
       4104;20240711;   10;   9.2;   1.2;    9;  23.7;   6;    7.200;   0;   6.5;  21.2;  974.30;   22.3;   79.00;   28.4;   18.8;   17.8;eor
       4104;20240712;   10;   9.2;   1.8;    9;   5.4;   6;    5.200;   0;   7.3;  21.1;  968.80;   21.8;   82.00;   28.2;   17.2;   17.4;eor
       4104;20240713;   10;   7.3;   1.6;    9;   0.0;   6;    3.900;   0;   7.2;  16.7;  970.60;   19.1;   76.00;   24.4;   15.7;   15.5;eor
       4104;20240714;   10;   7.9;   1.4;    9;   0.0;   0;    9.900;   0;   5.8;  15.9;  971.50;   20.7;   67.00;   27.6;   15.3;   14.3;eor
       4104;20240715;   10;  10.8;   1.5;    9;   7.8;   6;   12.000;   0;   5.8;  17.5;  970.10;   22.9;   66.00;   30.8;   13.6;   12.8;eor
       4104;20240716;   10;  13.5;   1.7;    9;  10.7;   6;    2.700;   0;   7.1;  20.5;  972.40;   20.4;   86.00;   27.1;   17.3;   16.5;eor
       4104;20240717;   10;   3.9;   1.0;    9;   0.0;   0;    2.600;   0;   7.2;  17.5;  977.90;   20.0;   77.00;   25.1;   15.3;   14.0;eor
       4104;20240718;   10;   6.4;   1.6;    9;   0.0;   0;   11.900;   0;   4.7;  16.4;  978.50;   21.0;   69.00;   28.3;   13.1;   12.4;eor
       4104;20240719;   10;   5.0;   1.7;    9;   0.0;   0;   11.900;   0;   5.8;  17.7;  975.30;   23.2;   64.00;   31.3;   16.5;   15.1;eor
       4104;20240720;   10;   8.7;   2.5;    9;   0.0;   0;   10.500;   0;   6.8;  19.4;  969.40;   22.6;   72.00;   27.9;   17.8;   16.4;eor
       4104;20240721;   10;   7.6;   1.8;    9;  16.5;   6;   11.600;   0;   3.1;  18.0;  966.90;   23.7;   65.00;   31.4;   16.0;   14.5;eor
       4104;20240722;   10;   8.9;   1.7;    9;   0.3;   6;    4.600;   0;   6.6;  20.7;  973.20;   21.2;   82.00;   25.9;   17.8;   16.2;eor
       4104;20240723;   10;   6.6;   1.6;    9;   1.7;   6;    5.400;   0;   6.9;  17.1;  975.60;   20.6;   72.00;   27.3;   16.4;   14.9;eor
       4104;20240724;   10;   8.1;   1.7;    9;   0.0;   0;    8.100;   0;   5.3;  16.3;  975.10;   19.3;   74.00;   25.3;   14.4;   12.8;eor
       4104;20240725;   10;   6.1;   1.1;    9;   0.0;   0;   10.100;   0;   4.0;  13.7;  972.60;   19.1;   66.00;   26.5;   12.1;   10.8;eor
       4104;20240726;   10;   7.3;   1.5;    9;   0.0;   6;    9.400;   0;   4.8;  15.9;  970.40;   20.4;   69.00;   29.4;   11.9;   10.8;eor
       4104;20240727;   10;  12.6;   1.5;    9;   3.5;   6;    8.900;   0;   7.4;  19.4;  971.60;   23.3;   71.00;   32.9;   15.9;   14.7;eor
       4104;20240728;   10;   8.1;   1.8;    9;   0.7;   6;    8.000;   0;   4.4;  16.8;  979.20;   20.0;   74.00;   25.9;   13.1;   12.2;eor
       4104;20240729;   10;   5.3;   1.4;    9;   0.0;   0;   12.500;   0;   0.8;  14.1;  980.00;   19.5;   66.00;   28.3;   11.8;   10.2;eor
       4104;20240730;   10;   6.1;   1.7;    9;   0.0;   0;   12.200;   0;   2.5;  14.0;  976.00;   20.4;   62.00;   28.9;   11.1;    9.8;eor
       4104;20240731;   10;  13.8;   1.6;    9;   0.0;   0;   12.400;   0;   2.7;  15.6;  971.60;   23.7;   58.00;   33.3;   13.5;   12.3;eor
       4104;20240801;   10;  13.1;   1.8;    9;   0.5;   6;    7.800;   0;   6.1;  18.9;  969.30;   23.0;   68.00;   31.6;   18.4;   17.0;eor
       4104;20240802;   10;  12.1;   2.6;    9;   0.0;   6;    3.000;   0;   5.6;  17.7;  968.60;   19.6;   78.00;   24.0;   14.1;   12.9;eor
       4104;20240803;   10;   9.2;   1.7;    9;  34.3;   6;    8.000;   0;   4.6;  17.3;  970.00;   18.8;   81.00;   26.3;   12.4;   11.0;eor
       4104;20240804;   10;   7.7;   1.6;    9;   3.2;   6;    4.500;   0;   7.6;  18.1;  971.60;   19.8;   80.00;   25.8;   16.3;   15.8;eor
       4104;20240805;   10;   6.5;   1.3;    9;   0.0;   6;    5.900;   0;   7.3;  17.3;  972.40;   19.8;   77.00;   26.3;   16.6;   15.2;eor
       4104;20240806;   10;   6.1;   1.4;    9;   0.0;   0;   12.400;   0;   1.8;  15.1;  970.80;   21.1;   64.00;   28.4;   13.7;   12.5;eor
       4104;20240807;   10;   8.9;   1.6;    9;   0.5;   6;    7.100;   0;   6.0;  17.7;  970.20;   21.3;   71.00;   30.3;   15.0;   13.6;eor
       4104;20240808;   10;   6.3;   1.1;    9;   0.8;   6;    1.700;   0;   5.3;  18.4;  973.60;   19.2;   83.00;   25.2;   13.5;   12.0;eor
       4104;20240809;   10;   7.2;   1.6;    9;   0.0;   0;    9.600;   0;   6.2;  16.3;  975.60;   20.2;   71.00;   28.7;   11.8;   10.5;eor
       4104;20240810;   10;   7.7;   1.3;    9;   0.0;   0;    8.800;   0;   3.9;  18.6;  977.90;   23.0;   68.00;   30.6;   17.0;   14.6;eor
       4104;20240811;   10;   5.3;   1.4;    9;   0.0;   0;   12.400;   0;   2.6;  17.2;  977.20;   23.1;   65.00;   31.5;   14.5;   13.2;eor
       4104;20240812;   10;   5.2;   1.5;    9;   0.0;   0;   12.100;   0;   4.8;  18.2;  971.60;   24.8;   61.00;   34.3;   16.4;   14.2;eor
       4104;20240813;   10;  17.7;   2.0;    9;  22.5;   6;   11.300;   0;   3.4;  19.7;  969.00;   25.4;   65.00;   35.6;   18.2;   16.4;eor
       4104;20240814;   10;  17.9;   1.8;    9;   3.2;   6;   11.000;   0;   5.5;  20.5;  969.90;   23.2;   75.00;   31.8;   16.7;   15.8;eor
       4104;20240815;   10;   5.7;   1.3;    9;   0.0;   0;   11.500;   0;   3.2;  21.0;  974.60;   22.7;   78.00;   29.9;   17.0;   16.0;eor
       4104;20240816;   10;   5.2;   1.2;    9;   2.0;   6;   10.000;   0;   1.1;  20.5;  973.80;   23.6;   73.00;   31.7;   17.1;   16.4;eor
       4104;20240817;   10;   9.5;   1.2;    9;   2.6;   6;    4.700;   0;   7.5;  21.0;  970.80;   22.3;   79.00;   28.3;   19.0;   18.0;eor
       4104;20240818;   10;   8.6;   1.3;    9;  36.7;   6;    1.700;   0;   7.7;  21.4;  966.40;   20.0;   92.00;   25.8;   18.2;   18.2;eor
       4104;20240819;   10;  10.8;   1.9;    9;   1.4;   6;    0.000;   0;   7.4;  18.1;  972.80;   17.2;   92.00;   18.9;   15.4;   14.6;eor
       4104;20240820;   10;   7.6;   1.5;    9;   0.0;   0;    2.600;   0;   6.9;  18.5;  971.10;   19.6;   82.00;   24.8;   14.4;   13.8;eor
       4104;20240821;   10;   9.0;   1.8;    9;   0.4;   6;    7.800;   0;   6.4;  15.2;  973.40;   18.2;   74.00;   23.5;   11.5;   10.3;eor
       4104;20240822;   10;   5.7;   1.2;    9;   0.0;   0;   10.700;   0;   6.0;  13.5;  972.70;   16.7;   73.00;   25.0;   10.4;    9.5;eor
       4104;20240823;   10;   6.4;   2.0;    9;   0.0;   0;   11.500;   0;   5.0;  16.1;  971.40;   20.0;   72.00;   29.0;   13.4;   11.4;eor
       4104;20240824;   10;   6.2;   1.6;    9;   0.0;   6;   11.800;   0;   0.0;  17.1;  971.30;   22.1;   68.00;   31.3;   13.2;   11.8;eor
       4104;20240825;   10;  10.1;   1.4;    9;   3.0;   6;    0.200;   0;   7.5;  16.4;  977.40;   17.1;   84.00;   21.6;   11.7;   10.7;eor
       4104;20240826;   10;   5.6;   1.3;    9;   0.0;   6;    0.400;   0;   7.9;  15.0;  979.40;   16.1;   83.00;   20.8;   11.7;   11.5;eor
       4104;20240827;   10;   6.6;   1.7;    9;   0.0;   0;   10.200;   0;   1.3;  15.4;  978.10;   19.6;   71.00;   27.3;   12.4;   11.2;eor
       4104;20240828;   10;   5.5;   1.7;    9;   0.0;   0;   11.700;   0;   0.7;  18.6;  975.30;   21.7;   74.00;   30.3;   14.9;   13.2;eor
       4104;20240829;   10;   4.1;   1.1;    9;   0.0;   0;   11.600;   0;   2.1;  18.1;  975.80;   22.8;   70.00;   33.0;   15.0;   13.5;eor
       4104;20240830;   10;   4.9;   1.3;    9;   0.0;   0;   10.800;   0;   4.7;  17.8;  975.40;   23.0;   68.00;   34.0;   14.9;   13.7;eor
       4104;20240831;   10;   8.6;   2.3;    9;   0.0;   0;   11.400;   0;   5.0;  19.2;  976.20;   23.9;   67.00;   32.1;   18.0;   16.3;eor
       4104;20240901;   10;   6.4;   2.3;    9;   0.0;   0;    9.800;   0;   6.7;  19.1;  973.30;   23.1;   69.00;   30.2;   17.4;   15.3;eor
       4104;20240902;   10;   6.3;   1.4;    9;   3.1;   6;    4.300;   0;   7.1;  19.3;  971.30;   19.8;   84.00;   25.4;   16.5;   14.9;eor
       4104;20240903;   10;   4.3;   1.1;    9;   0.0;   0;    9.700;   0;   4.0;  19.0;  972.70;   21.7;   76.00;   29.6;   15.4;   13.9;eor
       4104;20240904;   10;   7.1;   1.3;    9;   0.0;   0;    7.200;   0;   7.0;  20.1;  970.60;   22.3;   76.00;   30.6;   16.8;   15.7;eor
       4104;20240905;   10;  12.8;   2.8;    9;   0.0;   0;   10.600;   0;   3.2;  15.9;  966.00;   24.2;   58.00;   31.8;   16.1;   14.6;eor
       4104;20240906;   10;   8.8;   2.0;    9;   0.0;   0;    8.300;   0;   5.7;  14.3;  968.60;   21.9;   56.00;   27.2;   14.8;   13.5;eor
       4104;20240907;   10;   5.6;   1.6;    9;   0.0;   0;   11.200;   0;   1.3;  14.4;  970.10;   19.9;   66.00;   28.7;   12.7;   11.4;eor
       4104;20240908;   10;   9.4;   1.5;    9;  10.6;   6;    5.300;   0;   4.9;  17.5;  966.40;   20.2;   75.00;   27.0;   13.2;   12.4;eor
       4104;20240909;   10;   9.5;   2.7;    9;   3.8;   6;    1.000;   0;   7.6;  15.4;  964.00;   15.6;   87.00;   19.4;   13.3;   13.5;eor
       4104;20240910;   10;   9.0;   2.4;    9;   0.9;   6;    2.100;   0;   7.3;  14.0;  969.20;   15.8;   79.00;   19.6;   12.7;   12.0;eor
       4104;20240911;   10;  10.0;   2.2;    9;   7.4;   6;    0.900;   0;   7.6;  12.4;  966.70;   12.8;   84.00;   16.9;    8.8;    9.8;eor
       4104;20240912;   10;   7.8;   1.8;    9;   1.3;   6;    0.100;   0;   7.8;  10.0;  970.40;    9.7;   84.00;   12.7;    7.7;    8.6;eor
       4104;20240913;   10;  10.5;   2.1;    9;  28.1;   6;    0.000;   0;   7.7;  10.3;  973.60;    8.6;   92.00;   10.8;    7.6;    8.4;eor
       4104;20240914;   10;  13.6;   3.0;    9;   7.2;   6;    0.000;   0;   7.8;   9.9;  978.60;    8.7;   88.00;   10.4;    7.3;    7.8;eor
       4104;20240915;   10;  12.0;   2.4;    9;  11.9;   6;    0.800;   0;   8.0;   9.8;  979.00;   10.0;   80.00;   14.1;    8.2;    7.4;eor
       4104;20240916;   10;  10.9;   2.6;    9;  13.8;   6;    0.000;   0;   8.0;  12.1;  975.10;   10.6;   94.00;   12.6;    9.2;    9.6;eor
       4104;20240917;   10;   8.4;   2.2;    9;   0.0;   6;    3.900;   0;   7.2;  14.4;  978.20;   15.5;   83.00;   19.9;   12.3;   11.4;eor
       4104;20240918;   10;   9.0;   2.0;    9;   0.0;   0;    7.600;   0;   2.4;  13.4;  979.60;   16.3;   75.00;   23.4;   11.1;    8.8;eor
       4104;20240919;   10;   9.1;   2.5;    9;   0.0;   0;    9.700;   0;   0.5;  12.3;  977.50;   15.3;   73.00;   21.9;   10.2;    7.4;eor
       4104;20240920;   10;   8.9;   2.3;    9;   0.0;   0;    8.900;   0;   0.6;  12.4;  977.90;   15.3;   74.00;   23.0;    9.5;    6.8;eor
       4104;20240921;   10;   5.6;   1.8;    9;   0.0;   0;   10.100;   0;   0.5;  12.6;  977.10;   15.4;   75.00;   23.3;    8.8;    6.8;eor
       4104;20240922;   10;   5.2;   1.7;    9;   0.0;   0;    8.800;   0;   5.8;  13.0;  972.90;   15.1;   79.00;   23.3;    8.3;    6.5;eor
       4104;20240923;   10;   5.7;   1.5;    9;  20.6;   6;    8.500;   0;   7.1;  14.1;  967.60;   15.4;   82.00;   23.0;    9.3;    8.2;eor
       4104;20240924;   10;   8.9;   2.1;    9;   1.3;   6;    4.100;   0;   6.4;  14.1;  965.80;   14.5;   86.00;   19.8;   11.9;   10.3;eor
       4104;20240925;   10;   6.5;   1.9;    9;   3.3;   6;    4.600;   0;   7.5;  13.1;  966.90;   15.2;   77.00;   21.3;   11.2;    9.8;eor
       4104;20240926;   10;   9.1;   2.4;    9;  11.8;   6;    0.000;   0;   7.7;  15.2;  959.90;   14.5;   92.00;   17.0;   12.6;   12.3;eor
       4104;20240927;   10;  14.6;   2.2;    9;   4.2;   6;    3.000;   0;   6.3;  13.4;  963.40;   13.6;   87.00;   19.0;   10.6;    9.8;eor
       4104;20240928;   10;   7.8;   1.9;    9;   0.3;   6;    1.800;   0;   6.0;  10.9;  973.90;   10.8;   85.00;   16.9;    5.4;    3.7;eor
       4104;20240929;   10;   3.9;   1.2;    9;   0.0;   0;    5.000;   0;   5.5;   8.3;  983.10;    7.9;   80.00;   15.8;    2.2;    1.8;eor
       4104;20240930;   10;   8.5;   2.6;    9;   2.6;   6;    1.600;   0;   7.5;   9.2;  975.70;    8.6;   81.00;   11.5;    5.9;    4.5;eor
       4104;20241001;   10;   8.1;   2.2;    9;   7.6;   6;    2.900;   0;   7.7;  11.6;  969.20;   12.0;   82.00;   17.1;    8.7;    7.6;eor
       4104;20241002;   10;  11.1;   1.3;    9;   2.4;   6;    1.000;   0;   7.6;  12.7;  964.70;   11.3;   95.00;   15.1;    9.3;    7.9;eor
       4104;20241003;   10;  10.2;   1.9;    9;   0.3;   6;    0.400;   0;   8.0;  10.9;  969.70;    9.9;   89.00;   12.2;    8.0;    6.9;eor
       4104;20241004;   10;   6.7;   2.1;    9;   3.3;   6;    0.000;   0;   7.7;  10.7;  971.90;    9.2;   92.00;   11.2;    8.1;    7.8;eor
       4104;20241005;   10;   6.8;   1.8;    9;   0.0;   6;    0.000;   0;   7.4;  10.5;  972.80;    9.1;   92.00;   11.8;    6.1;    4.1;eor
       4104;20241006;   10;   6.3;   1.3;    9;   0.0;   6;    2.400;   0;   6.7;   9.4;  968.70;    7.6;   90.00;   13.4;    4.4;    2.2;eor
       4104;20241007;   10;   7.7;   2.6;    9;   0.0;   6;    3.300;   0;   6.9;  12.5;  965.50;   12.6;   85.00;   17.8;    6.7;    5.2;eor
       4104;20241008;   10;  10.5;   2.1;    9;   5.7;   6;    4.200;   0;   7.5;  14.3;  960.90;   14.8;   85.00;   19.6;   11.8;    9.1;eor
       4104;20241009;   10;   9.4;   3.1;    9;   0.0;   6;    4.600;   0;   6.9;  13.5;  956.70;   14.8;   81.00;   19.5;   12.0;   11.5;eor
       4104;20241010;   10;  16.5;   3.5;    9;   1.4;   6;    0.100;   0;   7.5;  12.3;  957.30;   13.7;   78.00;   16.5;   10.4;    8.9;eor
       4104;20241011;   10;   8.4;   1.8;    9;   1.5;   6;    2.000;   0;   5.7;  10.7;  971.70;    9.3;   91.00;   13.1;    3.1;    2.2;eor
       4104;20241012;   10;   8.7;   2.3;    9;   0.2;   6;    5.000;   0;   7.9;   9.0;  972.90;    8.3;   83.00;   14.1;    2.2;    2.5;eor
       4104;20241013;   10;  12.0;   2.9;    9;   1.0;   6;    4.900;   0;   7.2;   9.6;  972.50;   10.1;   78.00;   13.8;    3.3;    1.2;eor
       4104;20241014;   10;   7.2;   1.7;    9;  13.5;   6;    0.300;   0;   7.0;   9.0;  975.60;    6.3;   92.00;    9.1;    1.1;   -2.3;eor
       4104;20241015;   10;   5.3;   1.5;    9;   0.0;   0;    1.000;   0;   7.9;  11.5;  978.20;   10.5;   90.00;   13.0;    7.9;    2.5;eor
       4104;20241016;   10;   7.9;   2.4;    9;   0.0;   0;    7.900;   0;   6.9;  10.2;  974.70;    9.7;   85.00;   16.6;    5.1;    0.1;eor
       4104;20241017;   10;   6.0;   2.1;    9;   0.0;   0;    8.100;   0;   7.4;  11.6;  973.00;   11.8;   84.00;   20.3;    6.5;    2.8;eor
       4104;20241018;   10;   6.2;   1.9;    9;   0.4;   6;    1.600;   0;   7.3;  12.4;  971.60;   11.5;   91.00;   15.9;    8.1;    3.4;eor
       4104;20241019;   10;   5.0;   1.5;    9;   0.0;   6;    0.100;   0;   8.0;  13.9;  976.00;   13.3;   91.00;   16.4;   11.4;    6.9;eor
       4104;20241020;   10;   5.3;   1.2;    9;   0.0;   0;    2.500;   0;   7.8;  13.3;  980.00;   13.0;   89.00;   17.4;   11.2;    7.3;eor
       4104;20241021;   10;   4.8;   1.5;    9;   0.0;   0;    1.500;   0;   7.6;  12.9;  983.30;   12.1;   91.00;   15.3;    8.0;    4.1;eor
       4104;20241022;   10;   6.1;   1.8;    9;   2.3;   6;    0.100;   0;   7.9;  13.1;  984.50;   11.4;   96.00;   14.7;    8.2;    7.3;eor
       4104;20241023;   10;   6.8;   2.1;    9;   7.3;   6;    0.000;   0;   8.0;  12.1;  988.60;   10.5;   95.00;   11.6;    9.7;    8.9;eor
       4104;20241024;   10;   5.2;   1.6;    9;   0.0;   0;    0.300;   0;   7.8;  12.3;  983.40;   11.5;   91.00;   13.8;    9.3;    5.8;eor
       4104;20241025;   10;   4.6;   1.5;    9;   0.0;   6;    0.000;   0;   8.0;  12.1;  979.40;   11.1;   91.00;   12.3;    8.8;    9.5;eor
       4104;20241026;   10;   6.6;   1.7;    9;   0.1;   6;    1.600;   0;   7.9;  11.5;  976.80;   10.2;   92.00;   13.7;    8.2;    5.4;eor
       4104;20241027;   10;   6.2;   1.4;    9;   0.0;   0;    0.000;   0;   8.0;  12.3;  979.00;   11.8;   89.00;   13.4;   10.8;   10.8;eor
       4104;20241028;   10;   5.9;   1.7;    9;   0.0;   6;    0.000;   0;   8.0;  12.2;  983.70;   11.2;   92.00;   12.0;    9.8;   10.0;eor
       4104;20241029;   10;   4.7;   1.6;    9;   0.0;   6;    0.000;   0;   8.0;  12.0;  983.40;   10.4;   95.00;   12.1;    9.1;    9.3;eor
       4104;20241030;   10;   4.1;   1.0;    9;   0.1;   6;    0.000;   0;   7.1;  11.2;  983.90;    9.8;   93.00;   13.0;    5.8;    3.7;eor
       4104;20241031;   10;   4.5;   1.0;    9;   0.2;   6;    0.000;   0;   7.9;  10.7;  984.40;    8.7;   95.00;    9.9;    6.2;    6.4;eor
       4104;20241101;   10;   4.7;   1.4;    9;   0.0;   0;    0.000;   0;   8.0;  10.5;  981.50;    9.4;   89.00;   10.8;    8.6;    7.9;eor
       4104;20241102;   10;   6.6;   1.4;    9;   0.0;   0;    0.000;   0;   7.8;   9.9;  984.80;    9.3;   85.00;   11.5;    7.1;    5.2;eor
       4104;20241103;   10;   4.6;   1.5;    9;   0.0;   0;    7.500;   0;   6.9;   7.9;  986.40;    5.8;   86.00;   11.6;    0.5;   -1.0;eor
       4104;20241104;   10;   4.4;   1.1;    9;   0.0;   0;    0.000;   0;   8.0;   7.3;  985.10;    2.8;   98.00;    5.5;    0.4;   -0.2;eor
       4104;20241105;   10;   4.8;   1.5;    9;   0.0;   6;    0.000;   0;   8.0;   7.8;  983.20;    4.1;   96.00;    5.0;    2.7;    3.1;eor
       4104;20241106;   10;   4.9;   1.4;    9;   0.4;   6;    0.000;   0;   8.0;   8.9;  985.60;    5.7;   97.00;    6.5;    4.8;    5.0;eor
       4104;20241107;   10;   4.5;   1.3;    9;   0.3;   6;    0.000;   0;   8.0;   9.0;  986.90;    6.6;   92.00;    8.1;    5.6;    5.5;eor
       4104;20241108;   10;   6.2;   1.8;    9;   0.0;   6;    0.000;   0;   8.0;   7.8;  984.40;    5.0;   89.00;    5.8;    4.7;    4.5;eor
       4104;20241109;   10;   3.8;   1.2;    9;   0.0;   0;    0.200;   0;   8.0;   7.7;  983.10;    5.0;   88.00;    7.3;    3.6;    3.9;eor
       4104;20241110;   10;   3.5;   1.0;    9;   0.0;   6;    0.000;   0;   8.0;   7.1;  983.90;    3.0;   94.00;    3.8;    2.2;    2.5;eor
       4104;20241111;   10;   5.1;   1.4;    9;   0.3;   6;    0.000;   0;   8.0;   6.7;  984.10;    3.0;   89.00;    4.4;    2.2;    2.4;eor
       4104;20241112;   10;   6.1;   1.9;    9;   0.0;   0;    0.000;   0;   8.0;   6.4;  984.20;    2.3;   88.00;    3.3;    1.4;    1.5;eor
       4104;20241113;   10;   4.5;   1.1;    9;   2.1;   8;    0.000;   0;   7.9;   6.0;  985.00;    1.3;   90.00;    2.5;    0.6;    0.1;eor
       4104;20241114;   10;   5.9;   1.6;    9;   0.0;   6;    0.000;   0;   7.9;   7.3;  983.10;    3.3;   94.00;    4.4;    2.0;    2.1;eor
       4104;20241115;   10;   3.4;   1.2;    9;   0.0;   0;    0.000;   0;   8.0;   8.3;  982.40;    5.8;   91.00;    7.4;    4.4;    4.2;eor
       4104;20241116;   10;   5.8;   1.6;    9;   0.0;   0;    0.000;   0;   7.4;   6.7;  977.10;    2.0;   95.00;    5.5;    0.2;   -1.8;eor
       4104;20241117;   10;  10.7;   3.1;    9;   1.6;   6;    1.900;   0;   7.5;   7.3;  970.20;    4.4;   87.00;    7.9;    1.9;    1.5;eor
       4104;20241118;   10;  10.1;   2.7;    9;  10.2;   6;    0.000;   0;   7.2;   7.7;  968.30;    4.5;   91.00;    5.9;    3.2;    0.5;eor
       4104;20241119;   10;  16.4;   4.5;    9;   4.3;   8;    0.000;   0;   7.8;   8.9;  958.10;    7.6;   86.00;   10.8;    3.8;    3.9;eor
       4104;20241120;   10;  16.5;   4.5;    9;   0.3;   8;    2.100;   0;   7.2;   6.0;  956.80;    2.8;   80.00;    6.6;    0.1;   -1.7;eor
       4104;20241121;   10;  10.6;   2.6;    9;   0.0;   8;    0.100;   1;   7.5;   5.1;  956.50;    0.7;   80.00;    3.8;   -1.1;   -2.8;eor
       4104;20241122;   10;  12.9;   3.9;    9;   2.1;   8;    3.000;   0;   6.5;   4.8;  961.20;    0.0;   80.00;    3.7;   -2.4;   -4.6;eor
       4104;20241123;   10;  11.8;   3.0;    9;   0.1;   8;    3.900;   1;   7.8;   5.6;  977.80;    2.2;   78.00;    5.5;    0.1;   -2.0;eor
       4104;20241124;   10;   9.9;   3.7;    9;   0.7;   6;    2.000;   0;   7.6;   6.4;  977.40;    4.2;   77.00;    7.7;    2.1;   -0.2;eor
       4104;20241125;   10;   7.6;   2.2;    9;   2.3;   6;    5.700;   0;   5.5;   7.2;  972.20;    5.0;   82.00;   10.3;    0.5;   -1.9;eor
       4104;20241126;   10;   7.4;   2.3;    9;   1.9;   6;    0.200;   0;   7.4;   8.3;  977.00;    4.9;   95.00;    7.4;    3.5;    1.0;eor
       4104;20241127;   10;   9.7;   2.2;    9;   4.3;   6;    0.000;   0;   7.5;   8.1;  978.40;    4.1;   98.00;    6.4;    2.9;    1.8;eor
       4104;20241128;   10;  14.1;   4.4;    9;   0.0;   6;    0.600;   0;   7.6;   7.6;  977.70;    5.6;   83.00;    7.9;    4.0;    2.6;eor
       4104;20241129;   10;   9.0;   1.8;    9;   0.0;   0;    0.500;   0;   5.7;   6.3;  987.40;    3.0;   83.00;    6.1;   -2.2;   -4.0;eor
       4104;20241130;   10;   5.4;   1.5;    9;   0.0;   0;    6.500;   0;   0.0;   5.1;  987.40;   -0.4;   87.00;    5.3;   -4.1;   -5.7;eor
       4104;20241201;   10;   6.3;   1.8;    9;   0.0;   6;    0.000;   0;   5.7;   4.9;  982.70;   -2.4;   95.00;   -0.9;   -4.9;   -6.7;eor
       4104;20241202;   10;   6.9;   2.4;    9;   6.7;   8;    0.000;   0;   7.9;   5.5;  976.70;   -0.7;   93.00;    1.6;   -2.3;   -2.2;eor
       4104;20241203;   10;   7.6;   1.9;    9;   0.9;   6;    0.700;   0;   7.7;   7.3;  974.60;    3.0;   96.00;    7.0;    1.1;    1.0;eor
       4104;20241204;   10;   5.5;   1.3;    9;   0.0;   6;    4.800;   0;   7.4;   5.9;  980.80;    0.9;   90.00;    5.5;   -2.2;   -3.4;eor
       4104;20241205;   10;   9.2;   1.9;    9;   8.2;   6;    3.100;   0;   7.3;   5.7;  980.00;    1.2;   86.00;    4.2;   -1.4;   -3.3;eor
       4104;20241206;   10;  15.4;   5.9;    9;   5.8;   6;    0.400;   0;   7.8;   7.1;  966.80;    3.5;   90.00;    6.6;    0.4;    0.4;eor
       4104;20241207;   10;  12.3;   3.3;    9;   3.8;   6;    0.200;   0;   7.8;   6.8;  965.10;    3.1;   89.00;    4.8;    0.2;   -1.9;eor
       4104;20241208;   10;  11.4;   2.0;    9;   0.5;   6;    0.000;   0;   7.9;   7.7;  963.50;    4.1;   94.00;    5.5;    3.1;    2.7;eor
       4104;20241209;   10;  10.8;   3.1;    9;   0.1;   8;    0.000;   0;   7.8;   6.2;  973.30;    2.2;   86.00;    3.1;    1.1;    0.4;eor
       4104;20241210;   10;   9.0;   3.0;    9;   0.7;   8;    2.200;   0;   7.8;   6.2;  979.60;    2.4;   85.00;    4.6;    1.6;    0.6;eor
       4104;20241211;   10;   5.6;   1.7;    9;   0.0;   0;    0.000;   0;   8.0;   5.8;  983.40;    1.2;   87.00;    2.0;    0.4;    0.5;eor
       4104;20241212;   10;   4.5;   1.3;    9;   0.0;   0;    0.000;   0;   8.0;   5.4;  985.60;    0.5;   85.00;    2.2;   -0.3;   -0.6;eor
       4104;20241213;   10;   5.6;   1.9;    9;   0.0;   0;    0.000;   0;   8.0;   5.0;  983.90;   -0.3;   84.00;    0.5;   -1.0;   -0.7;eor
       4104;20241214;   10;  10.5;   2.1;    9;   0.1;   8;    0.500;   0;   8.0;   5.4;  976.70;    0.7;   84.00;    2.6;   -0.9;   -0.8;eor
       4104;20241215;   10;  11.6;   4.0;    9;   0.4;   6;    0.100;   0;   7.8;   6.2;  983.40;    2.6;   85.00;    4.2;    0.8;    0.4;eor
       4104;20241216;   10;   9.1;   3.1;    9;   0.1;   6;    0.000;   0;   7.8;   8.5;  988.20;    6.2;   90.00;    8.8;    3.6;    3.4;eor
       4104;20241217;   10;   7.6;   2.2;    9;   0.0;   6;    0.000;   0;   8.0;   8.3;  985.50;    6.4;   86.00;    7.9;    4.7;    2.1;eor
       4104;20241218;   10;   9.3;   2.9;    9;   0.4;   6;    0.900;   0;   7.8;   8.0;  978.10;    4.9;   92.00;    7.1;    3.4;    1.1;eor
       4104;20241219;   10;  15.5;   3.5;    9;   2.8;   6;    0.000;   0;   7.8;   7.6;  963.40;    4.4;   91.00;    6.0;    2.8;    0.6;eor
       4104;20241220;   10;   9.6;   3.9;    9;   0.1;   6;    0.500;   0;   7.8;   6.2;  974.50;    2.8;   83.00;    5.0;   -0.4;   -2.6;eor
       4104;20241221;   10;   9.4;   3.3;    9;   1.6;   6;    1.300;   0;   6.0;   5.7;  976.00;    2.2;   79.00;    5.8;   -1.3;   -3.6;eor
       4104;20241222;   10;  17.7;   4.4;    9;   3.3;   8;    0.000;   0;   6.2;   7.1;  960.70;    3.4;   90.00;    6.4;   -0.1;   -2.2;eor
       4104;20241223;   10;   8.7;   2.9;    9;   0.1;   8;    1.200;   0;   6.8;   5.7;  968.00;    1.4;   85.00;    4.5;   -0.7;   -3.1;eor
       4104;20241224;   10;   7.7;   2.0;    9;   0.0;   6;    1.200;   0;   6.3;   5.8;  982.40;    1.8;   84.00;    5.4;   -2.2;   -3.7;eor
       4104;20241225;   10;   4.2;   1.2;    9;   0.0;   8;    0.000;   0;   6.9;   5.1;  991.90;   -2.1;   97.00;   -0.9;   -3.7;   -5.3;eor
       4104;20241226;   10;   3.7;   0.9;    9;   0.0;   8;    0.000;   0;   8.0;   4.9;  992.80;   -2.6;   96.00;   -1.6;   -3.5;   -2.9;eor
       4104;20241227;   10;   3.7;   0.9;    9;   0.0;   0;    5.700;   0;   7.9;   5.0;  989.60;   -1.9;   92.00;    2.7;   -5.1;   -5.0;eor
       4104;20241228;   10;   3.6;   1.2;    9;   0.0;   8;    0.000;   0;   8.0;   4.8;  986.90;   -2.7;   97.00;   -1.9;   -3.2;   -2.7;eor
       4104;20241229;   10;   4.1;   1.6;    9;   0.0;   8;    0.000;   0;   8.0;   4.9;  985.80;   -2.4;   96.00;   -1.5;   -3.3;   -2.9;eor
       4104;20241230;   10;   4.3;   1.5;    9;   0.0;   8;    0.000;   0;   8.0;   5.0;  987.20;   -2.0;   95.00;   -1.4;   -2.9;   -2.7;eor
       4104;20241231;   10;   6.6;   2.3;    9;   0.3;   8;    0.000;   0;   8.0;   4.7;  985.90;   -2.7;   94.00;   -2.2;   -3.3;   -3.0;eor
       4104;20250101;    3;   8.8;   3.2;    9;   0.0;   8;    0.900;   1;   7.9;   4.8;  979.50;   -2.4;   94.00;   -0.1;   -4.5;   -4.9;eor
       4104;20250102;    3;   7.4;   2.0;    9;   5.8;   8;    0.000;   0;   7.7;   5.9;  969.30;    0.4;   93.00;    4.4;   -2.0;   -4.0;eor
       4104;20250103;    3;  10.8;   3.6;    9;   0.1;   8;    0.300;   0;   7.5;   5.1;  974.60;    0.0;   84.00;    1.9;   -2.1;   -3.7;eor
       4104;20250104;    3;   9.0;   1.7;    9;   3.5;   8;    0.000;   0;   8.0;   4.4;  976.10;   -2.0;   84.00;   -0.6;   -4.3;   -6.1;eor
       4104;20250105;    3;  10.4;   3.5;    9;  11.3;   8;    0.000;   3;   7.7;   5.5;  962.80;   -0.8;   95.00;    1.5;   -3.8;   -3.6;eor
       4104;20250106;    3;   8.9;   2.8;    9;   0.7;   6;    0.000;   1;   8.0;   6.7;  956.60;    1.7;   96.00;    2.7;    0.9;   -0.7;eor
       4104;20250107;    3;  13.0;   2.9;    9;   5.5;   8;    0.100;   0;   7.0;   6.4;  962.50;    1.9;   91.00;    4.9;   -0.1;   -2.4;eor
       4104;20250108;    3;  10.2;   2.3;    9;   9.1;   8;    0.000;   0;   7.3;   6.1;  963.20;    0.6;   96.00;    1.7;   -0.1;   -1.4;eor
       4104;20250109;    3;  17.7;   4.7;    9;   5.0;   8;    1.100;   0;   6.8;   7.2;  959.60;    3.4;   92.00;    8.9;    0.7;   -0.2;eor
       4104;20250110;    3;  13.8;   3.4;    9;   0.1;   8;    0.300;   0;   5.4;   5.0;  973.60;    0.1;   81.00;    2.3;   -3.0;   -6.2;eor
       4104;20250111;    3;  10.8;   3.2;    9;   0.0;   7;    2.900;   0;   4.4;   4.4;  978.10;   -1.1;   79.00;    2.8;   -3.2;   -6.6;eor
       4104;20250112;    3;   9.1;   3.0;    9;   0.0;   0;    3.400;   0;   4.1;   4.2;  988.40;   -0.9;   75.00;    3.2;   -6.0;   -9.2;eor
       4104;20250113;    3;   6.2;   1.5;    9;   0.0;   0;    6.000;   0;   5.1;   3.6;  995.50;   -3.1;   76.00;    1.1;   -6.2;   -9.2;eor
       4104;20250114;    3;   5.2;   1.2;    9;   0.7;   8;    2.200;   0;   6.3;   3.8;  990.40;   -3.7;   83.00;   -0.5;   -7.0;   -9.2;eor
       4104;20250115;    3;   4.4;   1.2;    9;   0.0;   8;    0.000;   0;   7.9;   5.7;  986.30;   -0.1;   94.00;    2.1;   -2.5;   -2.5;eor
       4104;20250116;    3;   5.1;   1.3;    9;   0.0;   0;    4.300;   0;   4.0;   5.8;  991.40;    1.1;   88.00;    6.9;   -2.5;   -4.8;eor
       4104;20250117;    3;   4.7;   1.3;    9;   0.0;   0;    0.000;   0;   7.7;   5.5;  991.90;   -0.1;   91.00;    0.8;   -2.6;   -4.7;eor
       4104;20250118;    3;   5.4;   1.2;    9;   0.0;   0;    5.100;   0;   2.5;   5.0;  986.50;   -0.8;   87.00;    3.5;   -4.2;   -5.9;eor
       4104;20250119;    3;   4.3;   1.3;    9;   0.0;   0;    6.200;   0;   0.4;   4.8;  978.60;   -1.0;   85.00;    6.3;   -5.2;   -7.0;eor
       4104;20250120;    3;   6.3;   1.6;    9;   0.0;   0;    4.100;   0;   6.4;   4.8;  976.10;   -1.1;   86.00;    3.4;   -3.9;   -5.7;eor
       4104;20250121;    3;   4.9;   1.3;    9;   0.1;   8;    0.000;   0;   8.0;   4.8;  974.60;   -2.8;   95.00;   -1.6;   -4.5;   -6.0;eor
       4104;20250122;    3;   9.1;   1.9;    9;   0.1;   8;    0.000;   0;   8.0;   5.1;  968.80;   -2.0;   97.00;   -1.3;   -2.7;   -2.4;eor
       4104;20250123;    3;  10.5;   3.1;    9;   1.3;   6;    0.600;   0;   7.1;   5.7;  966.30;    0.2;   91.00;    6.0;   -2.1;   -2.3;eor
       4104;20250124;    3;  10.4;   3.0;    9;   0.0;   6;    3.500;   0;   7.9;   6.5;  970.40;    2.8;   87.00;    7.1;   -0.7;   -2.8;eor
       4104;20250125;    3;   9.7;   2.9;    9;   0.0;   6;    0.300;   0;   7.8;   6.4;  967.70;    4.5;   76.00;    7.5;    2.5;   -1.3;eor
       4104;20250126;    3;  12.2;   2.9;    9;   0.0;   6;    1.000;   0;   7.0;   6.6;  966.70;    2.6;   90.00;    9.0;    0.7;   -1.6;eor
       4104;20250127;    3;   9.2;   2.8;    9;   7.6;   6;    0.000;   0;   7.7;   7.5;  960.80;    4.5;   89.00;    7.0;    2.0;    0.5;eor
       4104;20250128;    3;   8.5;   2.9;    9;  15.3;   6;    0.000;   0;   7.1;   8.1;  957.70;    4.3;   97.00;    5.5;    2.0;    0.4;eor
       4104;20250129;    3;  13.0;   3.1;    9;   0.1;   6;    2.800;   0;   5.5;   7.3;  965.60;    4.4;   88.00;   10.7;   -1.3;   -2.5;eor
       4104;20250130;    3;   3.6;   1.0;    9;   0.3;   6;    3.500;   0;   7.9;   6.1;  972.50;    1.4;   89.00;    6.6;   -2.8;   -4.3;eor
       4104;20250131;    3;  11.7;   1.9;    9;   0.0;   0;    1.700;   0;   7.5;   5.8;  982.60;    2.0;   82.00;    6.7;   -3.3;   -4.8;eor
       4104;20250201;    3;   7.6;   2.2;    3;   0.0;   0;    7.500;   0;   1.7;   4.5;  984.80;   -0.4;   78.00;    6.1;   -4.3;   -6.7;eor
       4104;20250202;    3;   4.4;   1.5;    3;   0.0;   0;    7.500;   0;   2.7;   4.4;  980.90;   -1.2;   81.00;    5.9;   -5.3;   -7.5;eor
       4104;20250203;    3;   5.5;   1.1;    3;   0.0;   0;    2.600;   0;   2.4;   4.2;  983.70;   -3.2;   87.00;    2.9;   -6.9;   -8.2;eor
       4104;20250204;    3;   5.9;   1.4;    3;   0.0;   0;    0.000;   0;   7.2;   4.3;  986.30;   -2.8;   86.00;   -0.9;   -4.5;   -5.7;eor
       4104;20250205;    3;   4.8;   1.3;    3;   0.1;   8;    1.300;   0;   7.6;   4.8;  992.50;   -0.9;   84.00;    2.6;   -2.7;   -2.5;eor
       4104;20250206;    3;   8.9;   2.3;    3;   0.0;   6;    0.000;   0;   8.0;   5.3;  991.90;    1.1;   81.00;    3.4;   -0.4;   -1.5;eor
       4104;20250207;    3;   7.0;   2.8;    3;   0.0;   0;    4.300;   0;   8.0;   5.1;  982.30;    1.5;   75.00;    5.6;   -1.5;   -3.9;eor
       4104;20250208;    3;   6.2;   2.4;    3;   0.0;   0;    7.600;   0;   3.8;   4.8;  980.00;    0.7;   77.00;    7.5;   -3.0;   -5.7;eor
       4104;20250209;    3;   4.0;   1.7;    3;   0.0;   0;    5.300;   0;   6.5;   5.0;  982.10;    0.7;   79.00;    6.6;   -3.5;   -5.0;eor
       4104;20250210;    3;   5.7;   1.7;    3;   0.0;   6;    0.700;   0;   7.3;   5.1;  980.90;    0.4;   82.00;    4.6;   -2.4;   -3.6;eor
       4104;20250211;    3;   5.4;   1.6;    3;   6.0;   6;    0.100;   0;   7.8;   5.3;  978.50;    1.5;   78.00;    4.9;   -0.6;   -1.1;eor
       4104;20250212;    3;   8.7;   2.6;    3;   9.2;   6;    0.000;   0;   7.8;   6.9;  974.20;    2.1;   97.00;    3.4;    0.9;    0.8;eor
       4104;20250213;    3;   8.5;   2.2;    3;   6.4;   8;    0.000;   0;   7.0;   6.6;  971.70;    1.6;   95.00;    3.4;   -0.7;   -2.2;eor
       4104;20250214;    3;   8.3;   1.8;    3;   0.0;   8;    0.000;   0;   7.8;   4.9;  978.10;   -0.9;   86.00;    0.2;   -2.5;   -3.6;eor
       4104;20250215;    3;   4.8;   1.7;    3;   0.0;   7;    0.000;   0;   8.0;   4.3;  978.50;   -1.3;   78.00;    0.4;   -2.2;   -2.1;eor
       4104;20250216;    3;   6.0;   1.7;    3;   0.9;   8;    0.000;   0;   8.0;   4.1;  975.50;   -1.9;   76.00;   -0.5;   -5.1;   -9.2;eor
       4104;20250217;    3;   6.3;   1.6;    3;   0.0;   0;    8.200;   1;   1.0;   3.4;  978.10;   -3.6;   74.00;    2.8;   -7.9;  -10.5;eor
       4104;20250218;    3;   6.1;   1.8;    3;   0.0;   0;    6.000;   0;   3.8;   3.2;  981.60;   -3.0;   68.00;    2.2;   -6.3;   -8.2;eor
       4104;20250219;    3;   5.5;   1.8;    3;   0.0;   0;    8.500;   0;   0.1;   2.9;  982.40;   -3.0;   61.00;    4.8;   -8.5;  -10.3;eor
       4104;20250220;    3;   7.8;   1.8;    3;   0.0;   6;    2.700;   0;   5.3;   3.8;  983.60;   -1.5;   71.00;    3.7;   -8.4;   -9.0;eor
       4104;20250221;    3;   6.5;   2.3;    3;   0.0;   0;    8.300;   0;   7.0;   5.9;  981.70;    5.4;   65.00;   11.6;    1.0;   -2.2;eor
       4104;20250222;    3;   4.7;   1.3;    3;   0.0;   0;    6.900;   0;   5.8;   5.4;  978.40;    2.9;   73.00;   10.3;   -2.5;   -3.7;eor
       4104;20250223;    3;   4.5;   1.5;    3;   0.0;   0;    1.100;   0;   7.0;   6.8;  984.70;    6.1;   72.00;   12.6;    1.2;   -2.3;eor
       4104;20250224;    3;   5.5;   1.4;    3;   0.1;   6;    1.900;   0;   6.9;   7.6;  981.20;    4.7;   87.00;   10.8;   -1.6;   -2.6;eor
       4104;20250225;    3;   6.1;   1.6;    3;   0.9;   6;    2.600;   0;   7.8;   8.6;  972.00;    7.7;   83.00;   12.6;    4.1;    1.5;eor
       4104;20250226;    3;   9.7;   3.1;    3;   0.0;   6;    0.100;   0;   8.0;   7.9;  972.50;    6.0;   85.00;    7.8;    2.3;   -0.7;eor
       4104;20250227;    3;   9.8;   2.0;    3;   1.6;   8;    0.300;   0;   6.1;   6.7;  975.00;    2.5;   92.00;    6.6;   -0.8;   -3.4;eor
       4104;20250228;    3;   9.4;   1.8;    3;   1.2;   6;    0.900;   0;   6.8;   6.5;  978.00;    2.0;   92.00;    7.2;   -0.9;   -3.0;eor
       4104;20250301;    3;   6.8;   2.0;    3;   0.0;   0;    3.183;   0;   5.8;   6.0;  984.26;    2.6;   82.96;    9.5;   -1.4;   -3.8;eor
       4104;20250302;    3;   4.7;   1.3;    3;   0.0;   0;    9.583;   0;   1.3;   4.9;  987.50;    1.9;   72.88;   10.2;   -3.5;   -5.8;eor
       4104;20250303;    3;   3.9;   1.6;    3;   0.0;   0;    9.283;   0;   3.7;   4.5;  984.55;    2.4;   67.17;   12.7;   -5.1;   -7.1;eor
       4104;20250304;    3;   4.2;   1.5;    3;   0.0;   0;    8.183;   0;   6.1;   4.8;  982.21;    4.2;   64.13;   15.5;   -3.3;   -4.8;eor
       4104;20250305;    3;   4.3;   1.4;    3;   0.0;   0;    9.533;   0;   0.3;   5.2;  981.58;    4.9;   65.08;   16.4;   -3.8;   -5.9;eor
       4104;20250306;    3;   5.8;   1.5;    3;   0.0;   0;    9.517;   0;   0.1;   6.0;  978.39;    5.8;   69.08;   18.0;   -2.9;   -5.0;eor
       4104;20250307;    3;   3.9;   1.6;    3;   0.0;   0;    9.350;   0;   0.2;   6.6;  974.97;    6.8;   71.17;   18.3;   -2.0;   -4.7;eor
       4104;20250308;    3;   5.2;   1.7;    3;   0.0;   0;    9.617;   0;   0.7;   6.1;  970.12;    6.7;   67.92;   17.7;   -1.6;   -4.6;eor
       4104;20250309;    3;   4.9;   1.9;    3;   0.0;   0;    9.783;   0;   4.3;   6.0;  962.37;    7.5;   63.71;   19.0;   -1.3;   -3.7;eor
       4104;20250310;    3;  10.6;   2.1;    3;   2.6;   6;    2.583;   0;   6.8;   7.6;  958.37;    6.3;   80.13;   12.8;    0.2;   -2.4;eor
       4104;20250311;    3;   5.9;   1.8;    3;   0.0;   0;    6.083;   0;   6.4;   8.6;  959.05;    8.6;   79.00;   16.6;    3.6;    1.2;eor
       4104;20250312;    3;   5.2;   1.5;    3;   2.0;   6;    1.500;   0;   7.6;   8.4;  953.91;    6.6;   86.08;   12.1;    1.4;   -1.0;eor
       4104;20250313;    3;   6.7;   1.9;    3;   0.8;   6;    0.000;   0;   7.5;   7.3;  953.35;    5.1;   82.92;    7.1;    3.4;    0.6;eor
       4104;20250314;    3;   5.2;   1.7;    3;   0.6;   6;    0.000;   0;   7.7;   7.2;  961.31;    4.7;   84.46;    7.5;    3.1;    2.5;eor
       4104;20250315;    3;  11.4;   4.2;    3;   0.0;   6;    1.083;   0;   7.8;   6.5;  968.06;    4.8;   75.75;    7.3;    3.2;    2.2;eor
       4104;20250316;    3;   8.6;   2.8;    3;   0.0;   0;    9.500;   0;   3.1;   5.4;  971.55;    5.3;   62.79;   11.3;   -0.6;   -4.4;eor
       4104;20250317;    3;  12.9;   2.8;    3;   0.0;   8;    5.033;   0;   2.4;   4.1;  980.63;    0.9;   63.54;    7.3;   -4.3;   -7.4;eor
       4104;20250318;    3;   9.5;   2.5;    3;   0.0;   0;   10.517;   0;   0.0;   3.1;  985.03;    0.7;   52.04;    8.8;   -6.7;   -8.9;eor
       4104;20250319;    3;   6.3;   1.8;    3;   0.0;   0;   10.600;   0;   0.0;   3.7;  983.24;    3.4;   53.33;   14.1;   -5.7;   -8.0;eor
       4104;20250320;    3;   6.1;   1.8;    3;   0.0;   0;   10.533;   0;   0.3;   5.7;  981.18;    6.7;   60.21;   17.5;   -4.1;   -6.2;eor
       4104;20250321;    3;   6.7;   1.9;    3;   0.0;   0;   10.117;   0;   4.9;   6.7;  974.46;   10.1;   58.58;   20.0;   -0.4;   -2.0;eor
       4104;20250322;    3;   5.6;   2.2;    3;   0.0;   0;    5.767;   0;   7.2;   7.2;  964.24;   10.8;   57.13;   17.7;    4.6;    1.9;eor
       4104;20250323;    3;   9.9;   2.3;    3;   0.8;   6;    0.233;   0;   7.4;   9.0;  961.84;    8.6;   80.54;   13.5;    3.9;    0.7;eor
       4104;20250324;    3;   4.9;   1.2;    3;   0.6;   6;    1.017;   0;   7.4;  10.2;  969.00;    9.2;   87.63;   15.8;    5.7;    3.8;eor
       4104;20250325;    3;   9.8;   1.1;    3;   4.7;   6;    4.100;   0;   4.8;   9.6;  973.78;    8.9;   85.29;   17.5;    4.2;    1.2;eor
       4104;20250326;    3;   7.5;   1.5;    3;   3.0;   6;    0.000;   0;   7.1;   8.8;  975.33;    6.1;   92.50;    9.9;    2.0;    0.2;eor
       4104;20250327;    3;   8.8;   2.2;    3;   0.0;   0;    1.950;   0;   5.0;   7.3;  975.66;    7.1;   74.13;   13.8;    1.1;   -0.7;eor
       4104;20250328;    3;   6.4;   1.9;    3;   1.1;   6;   10.233;   0;   4.2;   7.0;  968.39;    8.2;   68.33;   17.6;   -0.7;   -2.6;eor
       4104;20250329;    3;  11.2;   2.6;    3;   1.6;   6;    0.317;   0;   7.8;   9.0;  968.46;    9.6;   75.88;   14.8;    7.4;    7.0;eor
       4104;20250330;    3;  15.6;   3.9;    3;   0.7;   6;    4.350;   0;   7.0;   7.3;  972.27;    8.6;   66.92;   14.1;    3.5;   -0.1;eor
       4104;20250331;    3;  11.3;   3.0;    3;   1.5;   6;    0.017;   0;   7.6;   7.5;  976.65;    6.0;   80.08;    9.0;    4.3;    2.4;eor
       4104;20250401;    3;  11.9;   2.9;    3;   0.0;   0;    5.183;   0;   5.7;   6.9;  979.45;    7.0;   70.29;   12.0;    2.3;   -0.3;eor
       4104;20250402;    3;   9.4;   2.5;    3;   0.0;   0;    4.250;   0;   5.3;   7.6;  978.04;    9.3;   66.29;   15.8;    2.7;   -1.5;eor
       4104;20250403;    3;   6.9;   2.1;    3;   0.0;   0;   11.217;   0;   0.6;   7.3;  979.16;   11.4;   58.04;   20.3;    2.5;   -0.7;eor
       4104;20250404;    3;   6.2;   1.9;    3;   0.0;   0;   11.250;   0;   0.0;   7.6;  975.55;   11.8;   59.96;   22.0;    2.5;    0.0;eor
       4104;20250405;    3;  13.2;   2.8;    3;   0.0;   0;    9.033;   0;   3.4;   7.2;  970.82;   10.0;   61.25;   21.2;    2.5;   -0.1;eor
       4104;20250406;    3;  11.6;   2.9;    3;   0.0;   0;   11.533;   0;   0.4;   3.4;  978.37;    3.9;   43.75;   11.2;   -1.6;   -4.9;eor
       4104;20250407;    3;   7.6;   1.9;    3;   0.0;   0;   10.183;   0;   4.1;   4.3;  980.52;    4.4;   54.13;   11.6;   -3.8;   -6.4;eor
       4104;20250408;    3;   7.5;   2.0;    3;   0.0;   0;    9.600;   0;   1.6;   5.2;  981.35;    6.0;   60.14;   15.9;   -2.0;   -4.3;eor
       4104;20250409;    3;   5.4;   1.4;    3;   0.0;   0;    2.000;   0;   5.3;   5.5;  978.75;    5.3;   64.42;   14.9;   -1.8;   -4.2;eor
       4104;20250410;    3;   7.8;   1.9;    3;   0.0;   0;    9.017;   0;   7.0;   6.5;  979.66;    8.9;   59.13;   17.2;    1.3;    0.0;eor
       4104;20250411;    3;  10.1;   2.3;    3;   0.0;   0;   10.950;   0;   4.2;   6.9;  975.61;   11.5;   55.92;   22.0;    0.8;   -2.2;eor
       4104;20250412;    3;   9.3;   2.1;    3;   0.0;   0;   11.800;   0;   6.1;   7.7;  969.88;   12.6;   56.96;   21.7;    2.7;    0.4;eor
       4104;20250413;    3;   6.4;   1.3;    3;   0.1;   6;    2.133;   0;   7.0;   9.8;  965.70;   12.5;   69.38;   20.5;    4.4;    2.0;eor
       4104;20250414;    3;   6.9;   1.8;    3;   0.1;   6;    5.350;   0;   8.0;  12.5;  965.59;   14.7;   76.33;   22.5;   10.1;    8.4;eor
       4104;20250415;    3;   7.3;   2.3;    3;   0.0;   0;    7.567;   0;   6.9;  11.2;  958.73;   15.7;   66.00;   24.9;    9.0;    5.2;eor
       4104;20250416;    3;  10.9;   2.8;    3;   0.0;   0;    9.550;   0;   7.4;  10.4;  963.05;   17.5;   58.63;   27.0;    7.2;    3.9;eor
       4104;20250417;    3;  14.5;   2.7;    3;   2.1;   6;    4.250;   0;   7.2;  11.3;  962.05;   14.9;   70.42;   25.5;    9.2;    6.4;eor
       4104;20250418;    3;   9.5;   2.7;    3;   2.1;   6;    0.000;   0;   7.8;   9.5;  968.83;    9.0;   82.88;   11.8;    7.6;    7.4;eor
       4104;20250419;    3;   7.1;   1.8;    3;   0.0;   0;    9.783;   0;   6.0;   9.8;  966.22;   11.6;   73.46;   18.1;    7.3;    5.9;eor
       4104;20250420;    1;  12.8;   2.1;    1;   0.0;   6;    7.850;   0;   7.2;   9.5;  963.52;   14.3;   62.79;   23.8;    5.6;    3.7;eor
       4104;20250421;    1;   7.1;   1.3;    1;   0.0;   6;    3.750;   0;   7.1;   9.4;  968.65;   12.8;   65.50;   19.6;    9.1;    6.2;eor
       4104;20250422;    1;   6.3;   1.3;    1;   0.0;   0;    5.317;   0;   5.8;   9.5;  974.54;   12.4;   68.38;   20.1;    5.8;    3.6;eor
       4104;20250423;    1;   9.9;   2.0;    1;   7.1;   6;    8.650;   0;   6.3;   9.7;  970.99;   13.5;   66.96;   23.2;    4.4;    2.5;eor
       4104;20250424;    1;   9.1;   2.6;    1;   3.6;   6;    1.250;   0;   7.9;  10.5;  971.44;   11.7;   77.46;   16.7;    9.4;    7.8;eor
       4104;20250425;    1;   6.4;   1.4;    1;   1.7;   6;    0.000;   0;   7.7;  11.3;  973.53;    9.9;   92.92;   11.8;    8.6;    8.6;eor
       4104;20250426;    1;   8.6;   2.5;    1;   0.0;   0;    4.817;   0;   7.7;   9.5;  976.44;   11.9;   69.33;   18.0;    7.6;    4.4;eor
       4104;20250427;    1;   6.4;   2.4;    1;   0.0;   0;   12.200;   0;   5.3;   7.8;  979.16;   12.5;   57.00;   20.7;    4.6;    2.3;eor
       4104;20250428;    1;   5.9;   1.6;    1;   0.0;   0;   12.600;   0;   6.0;   9.0;  980.76;   14.1;   60.63;   24.2;    4.1;    2.9;eor
       4104;20250429;    1;   4.8;   1.8;    1;   0.0;   0;   11.900;   0;   0.1;  10.1;  980.10;   16.4;   56.88;   26.0;    7.4;    5.4;eor
       4104;20250430;    1;   5.0;   1.6;    1;   0.0;   0;   12.483;   0;   2.3;   9.1;  978.70;   16.5;   54.04;   27.3;    5.8;    4.5;eor
       4104;20250501;    1;   6.2;   1.5;    1;   0.0;   0;   12.617;   0;   0.4;  10.1;  976.80;   17.1;   57.29;   27.1;    6.9;    5.6;eor
       4104;20250502;    1;   7.5;   1.4;    1;   0.0;   0;   12.250;   0;   2.0;  10.8;  973.40;   18.6;   56.46;   29.2;    7.7;    6.4;eor
       4104;20250503;    1;  14.2;   2.1;    1;   5.7;   6;    1.683;   0;   7.0;  13.6;  968.02;   16.0;   75.00;   21.8;   12.1;    9.7;eor
       4104;20250504;    1;   8.0;   1.5;    1;   2.6;   6;    0.867;   0;   7.8;  11.5;  966.30;   11.6;   83.92;   15.0;    9.1;    8.6;eor
       4104;20250505;    1;  11.2;   2.8;    1;   1.2;   6;    0.000;   0;   7.8;   8.1;  968.54;    8.5;   73.38;   10.8;    6.9;    6.7;eor
       4104;20250506;    1;   8.2;   2.0;    1;   0.0;   0;    4.133;   0;   8.0;   7.2;  971.78;   10.0;   61.25;   16.1;    4.3;    1.8;eor
       4104;20250507;    1;  10.8;   3.0;    1;   0.0;   6;    7.050;   0;   6.3;   7.1;  971.85;   10.5;   58.58;   17.7;    1.7;    0.2;eor
       4104;20250508;    1;   6.6;   2.0;    1;   0.0;   6;    0.000;   0;   8.0;   7.4;  971.75;    9.8;   61.54;   12.9;    6.0;    2.8;eor
       4104;20250509;    1;  10.6;   2.6;    1;   0.0;   0;   12.617;   0;   2.4;   5.9;  975.29;    9.8;   51.50;   17.5;    1.7;   -0.5;eor
       4104;20250510;    1;   5.7;   1.7;    1;   0.0;   0;   12.683;   0;   3.9;   6.3;  975.99;   11.2;   52.96;   21.0;    0.4;   -0.9;eor
       4104;20250511;    1;   9.6;   2.7;    1;   0.0;   0;   12.800;   0;   1.3;   7.4;  971.99;   13.6;   51.83;   22.0;    4.0;    1.9;eor
       4104;20250512;    1;   6.5;   1.9;    1;   0.0;   0;   12.050;   0;   1.4;   7.4;  970.42;   13.3;   51.38;   22.0;    5.0;    2.4;eor
       4104;20250513;    1;   9.5;   1.8;    1;   0.0;   0;   12.933;   0;   0.2;   6.9;  973.74;   13.2;   50.21;   22.7;    3.7;    1.7;eor
       4104;20250514;    1;   8.2;   1.8;    1;   0.0;   0;   12.850;   0;   6.2;   7.6;  972.06;   14.9;   50.63;   25.6;    3.3;    1.9;eor
       4104;20250515;    1;  11.1;   2.7;    1;   0.0;   0;    6.100;   0;   5.0;   7.2;  970.46;   12.3;   51.67;   19.2;    4.4;    2.4;eor
       4104;20250516;    1;   7.8;   1.5;    1;   1.5;   6;    1.950;   0;   7.4;   7.4;  973.09;   10.3;   61.83;   18.3;    2.8;    1.0;eor
       4104;20250517;    1;   9.5;   1.7;    1;   0.0;   6;    4.500;   0;   6.8;   9.1;  970.93;   12.0;   67.92;   19.8;    7.6;    5.1;eor
       4104;20250518;    1;  12.6;   2.8;    1;   0.1;   6;    6.767;   0;   4.5;   8.9;  970.86;   13.0;   60.67;   20.0;    6.3;    3.2;eor
       4104;20250519;    1;   7.9;   1.4;    1;   0.0;   0;   10.050;   0;   2.0;   8.6;  974.44;   13.2;   60.88;   22.5;    3.1;    1.5;eor
       4104;20250520;    1;   5.6;   1.5;    1;   0.0;   0;   12.383;   0;   5.2;  10.2;  972.31;   15.7;   61.13;   25.7;    5.5;    3.6;eor
       4104;20250521;    1;  14.9;   1.9;    1;   1.1;   6;    6.717;   0;   7.0;  11.5;  968.74;   15.4;   69.71;   24.1;    8.4;    6.9;eor
       4104;20250522;    1;   9.7;   1.9;    1;   0.0;   6;    0.600;   0;   7.0;  10.7;  967.59;   12.1;   75.33;   16.4;    4.9;    1.8;eor
       4104;20250523;    1;   9.2;   1.6;    1;   0.0;   0;    5.733;   0;   4.7;   6.6;  972.19;    9.6;   59.08;   18.0;    1.7;   -0.1;eor
       4104;20250524;    1;   9.1;   1.5;    1;   0.6;   6;    9.117;   0;   4.2;   6.3;  974.50;   10.9;   52.54;   20.1;    0.9;   -0.8;eor
       4104;20250525;    1;   6.1;   1.9;    1;   6.9;   6;    0.017;   0;   8.0;  11.6;  972.57;   10.5;   89.58;   14.4;    5.9;    4.4;eor
       4104;20250526;    1;  10.0;   2.5;    1;   0.0;   6;    9.017;   0;   6.4;  11.1;  974.10;   15.2;   67.04;   21.4;    8.2;    6.2;eor
       4104;20250527;    1;   7.6;   1.6;    1;   0.4;   6;    5.367;   0;   8.0;  10.1;  977.23;   14.0;   65.04;   20.9;    6.0;    4.5;eor
       4104;20250528;    1;  12.3;   3.1;    1;   5.7;   6;    1.383;   0;   7.4;  13.1;  974.23;   13.8;   82.38;   16.7;   10.4;    8.3;eor
       4104;20250529;    1;  10.2;   2.3;    1;   0.0;   6;    6.150;   0;   6.9;  11.4;  978.75;   15.1;   68.54;   21.4;   10.2;    8.0;eor
       4104;20250530;    1;   9.0;   1.8;    1;   0.0;   0;    6.967;   0;   4.6;  13.6;  978.48;   19.9;   61.00;   27.7;   12.8;   11.1;eor
       4104;20250531;    1;   6.0;   1.6;    1;   0.0;   0;   11.983;   0;   3.0;  14.3;  976.04;   21.4;   60.54;   31.9;   10.4;    9.0;eor
       4104;20250601;    1;   7.0;   1.5;    1;   2.3;   6;    3.183;   0;   7.8;  16.5;  973.12;   20.2;   70.17;   27.1;   15.2;   15.0;eor
       4104;20250602;    1;   5.4;   1.5;    1;   8.8;   6;    0.883;   0;   7.9;  17.6;  973.32;   17.5;   88.50;   22.1;   13.9;   13.6;eor
       4104;20250603;    1;   6.1;   1.4;    1;   0.2;   6;    2.583;   0;   7.6;  16.2;  972.56;   17.6;   81.25;   23.8;   12.8;   12.1;eor
       4104;20250604;    1;  19.5;   2.3;    1;  24.7;   6;    6.517;   0;   7.3;  17.3;  968.90;   19.8;   76.79;   27.6;   14.4;   14.6;eor
       4104;20250605;    1;   6.3;   2.1;    1;   3.6;   6;    0.083;   0;   7.5;  16.4;  971.63;   16.2;   88.88;   19.0;   14.0;   13.1;eor
       4104;20250606;    1;  11.9;   2.7;    1;   3.7;   6;    4.000;   0;   6.9;  16.3;  971.39;   17.9;   81.46;   25.6;   13.9;   13.6;eor
       4104;20250607;    1;   8.3;   2.1;    1;   9.7;   6;    0.233;   0;   7.8;  16.5;  971.09;   15.4;   93.79;   20.2;   12.8;   11.6;eor
       4104;20250608;    1;  16.5;   3.9;    1;   0.5;   6;    5.517;   0;   6.2;  12.6;  972.72;   14.5;   76.79;   18.9;    8.7;    7.2;eor
       4104;20250609;    1;   6.6;   1.5;    1;   0.0;   0;   11.667;   0;   4.6;  10.0;  980.61;   14.0;   65.42;   21.4;    7.0;    5.3;eor
       4104;20250610;    1;   7.7;   2.1;    1;   0.0;   0;    8.067;   0;   4.8;  11.9;  975.30;   16.4;   66.29;   24.2;    6.7;    5.7;eor
       4104;20250611;    1;   6.6;   1.8;    1;   0.0;   0;   12.633;   0;   2.9;  11.2;  976.73;   18.1;   56.17;   25.0;   11.1;    8.9;eor
       4104;20250612;    1;   6.0;   1.7;    1;   0.0;   0;   13.817;   0;   0.0;  11.9;  977.01;   18.6;   58.21;   26.9;    9.6;    7.7;eor
       4104;20250613;    1;   6.3;   1.8;    1;   0.0;   0;   13.800;   0;   4.8;  13.0;  979.33;   20.5;   56.38;   28.5;   10.2;    9.1;eor
       4104;20250614;    1;   6.6;   1.7;    1;   0.0;   0;   13.183;   0;   1.0;  12.3;  977.56;   21.9;   50.25;   30.0;   12.5;   11.2;eor
       4104;20250615;    1;  12.9;   1.7;    1;  11.3;   6;    9.050;   0;   4.3;  17.5;  975.64;   22.0;   67.42;   32.0;   17.1;   14.3;eor
       4104;20250616;    1;  11.8;   2.0;    1;   0.0;   0;    5.533;   0;   6.9;  14.6;  981.35;   18.3;   71.75;   25.7;   13.6;   12.1;eor
       4104;20250617;    1;   4.7;   1.4;    1;   0.0;   0;   12.533;   0;   4.3;  13.2;  982.05;   18.8;   64.33;   26.9;   10.7;   10.0;eor
       4104;20250618;    1;   5.6;   1.2;    1;   0.0;   0;   13.833;   0;   4.3;  14.9;  979.30;   20.5;   65.29;   28.9;   11.1;   10.3;eor
       4104;20250619;    1;   7.6;   1.8;    1;   0.0;   0;   13.250;   0;   1.3;  14.9;  978.88;   22.1;   59.79;   30.8;   12.9;   11.9;eor
       4104;20250620;    1;   6.2;   1.8;    1;   0.0;   0;   13.983;   0;   0.8;  11.1;  980.38;   20.0;   51.04;   28.5;   11.9;   10.3;eor
       4104;20250621;    1;   6.9;   1.7;    1;   0.0;   0;   14.000;   0;   0.0;  10.6;  979.14;   20.1;   48.67;   29.6;   10.3;    8.7;eor
       4104;20250622;    1;   7.2;   1.9;    1;   2.0;   6;   13.950;   0;   3.3;  11.9;  975.92;   21.8;   49.75;   31.4;   10.1;    9.1;eor
       4104;20250623;    1;  17.3;   3.2;    1;   0.4;   6;    7.017;   0;   5.1;  15.2;  970.60;   21.9;   59.29;   31.2;   15.3;   12.5;eor
       4104;20250624;    1;  13.1;   3.6;    1;   0.0;   0;   12.467;   0;   2.0;  12.6;  972.18;   22.5;   49.79;   30.5;   14.8;   11.7;eor
       4104;20250625;    1;  10.5;   2.0;    1;   0.0;   0;   13.667;   0;   0.0;  14.2;  971.75;   25.1;   48.17;   33.8;   16.0;   13.6;eor
       4104;20250626;    1;  10.0;   2.3;    1;   0.3;   6;    3.367;   0;   6.7;  17.0;  972.68;   22.3;   65.50;   30.7;   15.2;   14.0;eor
       4104;20250627;    1;  12.5;   2.1;    1;   2.6;   6;    7.400;   0;   5.4;  17.9;  979.19;   20.8;   74.00;   27.9;   16.3;   14.1;eor
       4104;20250628;    1;   9.0;   1.6;    1;   0.0;   0;   10.317;   0;   3.3;  17.4;  981.68;   23.6;   62.67;   32.2;   15.9;   14.4;eor
       4104;20250629;    1;   7.8;   1.4;    1;   0.0;   0;   13.233;   0;   0.8;  16.8;  979.28;   25.4;   56.92;   35.7;   15.6;   14.3;eor
       4104;20250630;    1;   7.4;   2.0;    1;   0.0;   0;   13.850;   0;   1.6;  15.8;  976.32;   25.6;   51.17;   34.4;   17.2;   15.0;eor
       4104;20250701;    1;   6.6;   1.9;    1;   0.0;   0;   13.783;   0;   0.0;  13.0;  975.13;   24.9;   43.79;   34.2;   15.4;   13.7;eor
